0_mths_prior,3_mths_prior,Date,qoq_diff,qoq_ratio
942900.0,936599.0,1991-12-31,6301.0,1.0067275322736837
947429.0,942900.0,1992-03-31,4529.0,1.0048032665181885
954581.0,947429.0,1992-06-30,7152.0,1.0075488506262738
963015.0,954581.0,1992-09-30,8434.0,1.0088352900382471
973874.0,963015.0,1992-12-31,10859.0,1.0112760445060565
985783.0,973874.0,1993-03-31,11909.0,1.0122284813025093
997741.0,985783.0,1993-06-30,11958.0,1.0121304587317899
1009297.0,997741.0,1993-09-30,11556.0,1.0115821641087217
1021572.0,1009297.0,1993-12-31,12275.0,1.0121619305318454
1033169.0,1021572.0,1994-03-31,11597.0,1.0113521122348694
1046766.0,1033169.0,1994-06-30,13597.0,1.0131604800376317
1062432.0,1046766.0,1994-09-30,15666.0,1.0149660955743691
1079923.0,1062432.0,1994-12-31,17491.0,1.0164631712900214
1099521.0,1079923.0,1995-03-31,19598.0,1.0181475901522608
1116078.0,1099521.0,1995-06-30,16557.0,1.015058375419842
1131259.0,1116078.0,1995-09-30,15181.0,1.0136020959108594
1144277.0,1131259.0,1995-12-31,13018.0,1.0115075327577505
1156013.0,1144277.0,1996-03-31,11736.0,1.0102562578816143
1168345.0,1156013.0,1996-06-30,12332.0,1.0106677001037185
1182337.0,1168345.0,1996-09-30,13992.0,1.0119759146484986
1197384.0,1182337.0,1996-12-31,15047.0,1.0127264899939696
1214240.0,1197384.0,1997-03-31,16856.0,1.0140773553012232
1231658.0,1214240.0,1997-06-30,17418.0,1.0143447753327184
1248466.0,1231658.0,1997-09-30,16808.0,1.0136466454161788
1265454.0,1248466.0,1997-12-31,16988.0,1.0136070986314405
1281947.0,1265454.0,1998-03-31,16493.0,1.0130332671120403
1300142.0,1281947.0,1998-06-30,18195.0,1.0141932544793193
1319343.0,1300142.0,1998-09-30,19201.0,1.0147683868377455
1339652.0,1319343.0,1998-12-31,20309.0,1.0153932677097617
1360197.0,1339652.0,1999-03-31,20545.0,1.0153360723531186
1385083.0,1360197.0,1999-06-30,24886.0,1.018295879199851
1412774.0,1385083.0,1999-09-30,27691.0,1.0199923037103191
1445391.0,1412774.0,1999-12-31,32617.0,1.0230872029071882
1481171.0,1445391.0,2000-03-31,35780.0,1.024754547385448
1508918.0,1481171.0,2000-06-30,27747.0,1.0187331510001207
1528140.0,1508918.0,2000-09-30,19222.0,1.012738929484571
1538730.0,1528140.0,2000-12-31,10590.0,1.006929993325219
1570810.0,1538730.0,2001-03-31,32080.0,1.0208483619608377
1598725.0,1570810.0,2001-06-30,27915.0,1.0177710862548621
1615953.0,1598725.0,2001-09-30,17228.0,1.010776087194483
1630427.0,1615953.0,2001-12-31,14474.0,1.0089569436734855
1640168.0,1630427.0,2002-03-31,9741.0,1.0059745085183207
1652512.0,1640168.0,2002-06-30,12344.0,1.0075260583062222
1669276.0,1652512.0,2002-09-30,16764.0,1.0101445556825004
1686319.0,1669276.0,2002-12-31,17043.0,1.0102098155128332
1701964.0,1686319.0,2003-03-31,15645.0,1.0092776040594928
1716489.0,1701964.0,2003-06-30,14525.0,1.0085342580689134
1735005.0,1716489.0,2003-09-30,18516.0,1.0107871358336697
1755423.0,1735005.0,2003-12-31,20418.0,1.011768265797505
1783255.0,1755423.0,2004-03-31,27832.0,1.0158548680289594
1813170.0,1783255.0,2004-06-30,29915.0,1.0167755032230388
1846081.0,1813170.0,2004-09-30,32911.0,1.0181510834615617
1884290.0,1846081.0,2004-12-31,38209.0,1.0206973583499315
1922025.0,1884290.0,2005-03-31,37735.0,1.0200261106305293
1959330.0,1922025.0,2005-06-30,37305.0,1.0194092168416125
2000928.0,1959330.0,2005-09-30,41598.0,1.02123072683009
2045542.0,2000928.0,2005-12-31,44614.0,1.0222966543523806
2082213.0,2045542.0,2006-03-31,36671.0,1.0179272779537158
2119070.0,2082213.0,2006-06-30,36857.0,1.0177008788245967
2152752.0,2119070.0,2006-09-30,33682.0,1.0158947085277976
2190041.0,2152752.0,2006-12-31,37289.0,1.0173215493470684
2227439.0,2190041.0,2007-03-31,37398.0,1.0170763926337452
2253666.0,2227439.0,2007-06-30,26227.0,1.0117745087519794
2276470.0,2253666.0,2007-09-30,22804.0,1.0101186244989275
2299826.0,2276470.0,2007-12-31,23356.0,1.0102597442531638
2327744.0,2299826.0,2008-03-31,27918.0,1.012139179224863
2353002.0,2327744.0,2008-06-30,25258.0,1.0108508495779605
2379699.0,2353002.0,2008-09-30,26697.0,1.0113459317076654
2393049.0,2379699.0,2008-12-31,13350.0,1.005609953191559
2385637.0,2393049.0,2009-03-31,-7412.0,0.996902696100247
2366950.0,2385637.0,2009-06-30,-18687.0,0.9921668719926795
2355166.0,2366950.0,2009-09-30,-11784.0,0.9950214410950802
2365772.0,2355166.0,2009-12-31,10606.0,1.0045032919123322
2369828.0,2365772.0,2010-03-31,4056.0,1.0017144509276465
2374946.0,2369828.0,2010-06-30,5118.0,1.0021596504050083
2382463.0,2374946.0,2010-09-30,7517.0,1.0031651245965172
2399128.0,2382463.0,2010-12-31,16665.0,1.0069948620398301
2419384.0,2399128.0,2011-03-31,20256.0,1.0084430676479121
2442911.0,2419384.0,2011-06-30,23527.0,1.0097243761221866
2462550.0,2442911.0,2011-09-30,19639.0,1.0080391794870955
2477727.0,2462550.0,2011-12-31,15177.0,1.0061631235913993
2501247.0,2477727.0,2012-03-31,23520.0,1.009492571215473
2524393.0,2501247.0,2012-06-30,23146.0,1.009253784212435
2546493.0,2524393.0,2012-09-30,22100.0,1.0087545798138404
2564691.0,2546493.0,2012-12-31,18198.0,1.007146298851008
2586442.0,2564691.0,2013-03-31,21751.0,1.0084809437082285
2614974.0,2586442.0,2013-06-30,28532.0,1.0110313705082117
2640691.0,2614974.0,2013-09-30,25717.0,1.0098345146070287
2673466.0,2640691.0,2013-12-31,32775.0,1.012411524104865
2706109.0,2673466.0,2014-03-31,32643.0,1.012209992571441
2731901.0,2706109.0,2014-06-30,25792.0,1.0095310277597835
2762630.0,2731901.0,2014-09-30,30729.0,1.0112482114102963
2791519.0,2762630.0,2014-12-31,28889.0,1.0104570644639348
2811731.0,2791519.0,2015-03-31,20212.0,1.0072405023931414
2829621.0,2811731.0,2015-06-30,17890.0,1.0063626285729326
2854363.0,2829621.0,2015-09-30,24742.0,1.0087439271902492
2870469.0,2854363.0,2015-12-31,16106.0,1.0056425899578996
2880948.0,2870469.0,2016-03-31,10479.0,1.003650622946982
2908342.0,2880948.0,2016-06-30,27394.0,1.0095086756164984
2927616.0,2908342.0,2016-09-30,19274.0,1.006627143575274
2949957.0,2927616.0,2016-12-31,22341.0,1.007631123753935
2986159.0,2949957.0,2017-03-31,36202.0,1.0122720432874106
3020685.0,2986159.0,2017-06-30,34526.0,1.0115620099264642
3053339.0,3020685.0,2017-09-30,32654.0,1.0108101308146993
