0_mths_prior,3_mths_prior,Date,qoq_diff,qoq_ratio
7783.0,211.0,1991-12-31,7572.0,36.88625592417062
62.0,7783.0,1992-03-31,-7721.0,0.007966079917769498
5802.0,62.0,1992-06-30,5740.0,93.58064516129032
5128.0,5802.0,1992-09-30,-674.0,0.8838331609789728
5336.0,5128.0,1992-12-31,208.0,1.0405616224648986
8985.0,5336.0,1993-03-31,3649.0,1.6838455772113943
6026.0,8985.0,1993-06-30,-2959.0,0.6706733444629939
1650.0,6026.0,1993-09-30,-4376.0,0.2738134749419184
4153.0,1650.0,1993-12-31,2503.0,2.516969696969697
11341.0,4153.0,1994-03-31,7188.0,2.7307970142065976
20353.0,11341.0,1994-06-30,9012.0,1.7946389207300943
13306.0,20353.0,1994-09-30,-7047.0,0.6537611162973518
18786.0,13306.0,1994-12-31,5480.0,1.41184428077559
15295.0,18786.0,1995-03-31,-3491.0,0.8141701266900884
8440.0,15295.0,1995-06-30,-6855.0,0.5518143184047074
2832.0,8440.0,1995-09-30,-5608.0,0.3355450236966825
4608.0,2832.0,1995-12-31,1776.0,1.6271186440677967
1720.0,4608.0,1996-03-31,-2888.0,0.3732638888888889
7630.0,1720.0,1996-06-30,5910.0,4.436046511627907
12768.0,7630.0,1996-09-30,5138.0,1.6733944954128441
8681.0,12768.0,1996-12-31,-4087.0,0.6799028822055138
12440.0,8681.0,1997-03-31,3759.0,1.4330146296509618
22097.0,12440.0,1997-06-30,9657.0,1.7762861736334405
16987.0,22097.0,1997-09-30,-5110.0,0.7687468887179255
19416.0,16987.0,1997-12-31,2429.0,1.1429916995349385
26275.0,19416.0,1998-03-31,6859.0,1.3532653481664607
9335.0,26275.0,1998-06-30,-16940.0,0.35528068506184585
13105.0,9335.0,1998-09-30,3770.0,1.4038564542046064
15004.0,13105.0,1998-12-31,1899.0,1.1449065242273941
20849.0,15004.0,1999-03-31,5845.0,1.389562783257798
8778.0,20849.0,1999-06-30,-12071.0,0.42102738740467166
10129.0,8778.0,1999-09-30,1351.0,1.153907496012759
21060.0,10129.0,1999-12-31,10931.0,2.0791785961101787
4039.0,21060.0,2000-03-31,-17021.0,0.19178537511870844
22611.0,4039.0,2000-06-30,18572.0,5.598167863332508
14308.0,22611.0,2000-09-30,-8303.0,0.6327893503162177
13586.0,14308.0,2000-12-31,-722.0,0.949538719597428
-7658.0,13586.0,2001-03-31,-21244.0,-0.5636684822611512
-2890.0,-7658.0,2001-06-30,4768.0,0.3773831287542439
-7529.0,-2890.0,2001-09-30,-4639.0,2.605190311418685
-20207.0,-7529.0,2001-12-31,-12678.0,2.6838889626776465
-54.0,-20207.0,2002-03-31,20153.0,0.002672341267877468
4780.0,-54.0,2002-06-30,4834.0,-88.51851851851852
6323.0,4780.0,2002-09-30,1543.0,1.3228033472803347
7451.0,6323.0,2002-12-31,1128.0,1.1783963308556065
7751.0,7451.0,2003-03-31,300.0,1.040263051939337
-97.0,7751.0,2003-06-30,-7848.0,-0.012514514256225004
2032.0,-97.0,2003-09-30,2129.0,-20.948453608247423
9600.0,2032.0,2003-12-31,7568.0,4.724409448818897
12218.0,9600.0,2004-03-31,2618.0,1.2727083333333333
19059.0,12218.0,2004-06-30,6841.0,1.5599116058274676
15571.0,19059.0,2004-09-30,-3488.0,0.8169893488640537
17012.0,15571.0,2004-12-31,1441.0,1.0925438314816005
24876.0,17012.0,2005-03-31,7864.0,1.4622619327533506
7657.0,24876.0,2005-06-30,-17219.0,0.30780672133783565
4485.0,7657.0,2005-09-30,-3172.0,0.5857385398981324
22562.0,4485.0,2005-12-31,18077.0,5.030546265328874
18606.0,22562.0,2006-03-31,-3956.0,0.8246609343143338
19321.0,18606.0,2006-06-30,715.0,1.0384284639363646
19273.0,19321.0,2006-09-30,-48.0,0.9975156565395166
9772.0,19273.0,2006-12-31,-9501.0,0.5070305608882893
5040.0,9772.0,2007-03-31,-4732.0,0.5157593123209169
11766.0,5040.0,2007-06-30,6726.0,2.3345238095238097
12162.0,11766.0,2007-09-30,396.0,1.0336562978072412
5484.0,12162.0,2007-12-31,-6678.0,0.4509126788357178
-5034.0,5484.0,2008-03-31,-10518.0,-0.9179431072210066
-5980.0,-5034.0,2008-06-30,-946.0,1.187922129519269
-4695.0,-5980.0,2008-09-30,1285.0,0.7851170568561873
-16287.0,-4695.0,2008-12-31,-11592.0,3.4690095846645366
-36405.0,-16287.0,2009-03-31,-20118.0,2.235218272241665
-46980.0,-36405.0,2009-06-30,-10575.0,1.2904820766378244
-51483.0,-46980.0,2009-09-30,-4503.0,1.0958492975734355
-12701.0,-51483.0,2009-12-31,38782.0,0.2467027950974108
3015.0,-12701.0,2010-03-31,15716.0,-0.23738288323754034
12529.0,3015.0,2010-06-30,9514.0,4.155555555555556
30386.0,12529.0,2010-09-30,17857.0,2.4252534120839653
15600.0,30386.0,2010-12-31,-14786.0,0.5133943263344961
6568.0,15600.0,2011-03-31,-9032.0,0.42102564102564105
15760.0,6568.0,2011-06-30,9192.0,2.3995127892813644
-3728.0,15760.0,2011-09-30,-19488.0,-0.2365482233502538
23162.0,-3728.0,2011-12-31,26890.0,-6.212982832618025
16360.0,23162.0,2012-03-31,-6802.0,0.7063293325274156
22313.0,16360.0,2012-06-30,5953.0,1.3638753056234718
18517.0,22313.0,2012-09-30,-3796.0,0.8298749607851925
4603.0,18517.0,2012-12-31,-13914.0,0.24858238375546796
15907.0,4603.0,2013-03-31,11304.0,3.455789702368021
16136.0,15907.0,2013-06-30,229.0,1.0143961777833659
31377.0,16136.0,2013-09-30,15241.0,1.944533961328706
28986.0,31377.0,2013-12-31,-2391.0,0.92379768620327
8844.0,28986.0,2014-03-31,-20142.0,0.3051128130821776
16233.0,8844.0,2014-06-30,7389.0,1.8354816824966078
19060.0,16233.0,2014-09-30,2827.0,1.1741514199470215
21313.0,19060.0,2014-12-31,2253.0,1.118205666316894
37151.0,21313.0,2015-03-31,15838.0,1.743114531037395
29530.0,37151.0,2015-06-30,-7621.0,0.7948642028478372
26413.0,29530.0,2015-09-30,-3117.0,0.894446325770403
18850.0,26413.0,2015-12-31,-7563.0,0.7136637261954341
10549.0,18850.0,2016-03-31,-8301.0,0.5596286472148541
3047.0,10549.0,2016-06-30,-7502.0,0.28884254431699685
4119.0,3047.0,2016-09-30,1072.0,1.3518214637348211
17363.0,4119.0,2016-12-31,13244.0,4.215343529983006
-35.0,17363.0,2017-03-31,-17398.0,-0.0020157806830616827
1213.0,-35.0,2017-06-30,1248.0,-34.65714285714286
10622.0,1213.0,2017-09-30,9409.0,8.756801319043694
