0_mths_prior,12_mths_prior,15_mths_prior,18_mths_prior,21_mths_prior,3_mths_prior,6_mths_prior,9_mths_prior,Date,past_year_1,past_year_2,qoq_diff,qoq_ratio,yoy_diff,yoy_ratio
166.0,198.0,218.0,218.0,197.0,157.0,162.0,178.0,1991-12-31,165.75,207.75,9.0,1.0573248407643312,-42.0,0.7978339350180506
171.0,178.0,198.0,218.0,218.0,166.0,157.0,162.0,1992-03-31,164.0,203.0,5.0,1.0301204819277108,-39.0,0.8078817733990148
176.0,162.0,178.0,198.0,218.0,171.0,166.0,157.0,1992-06-30,167.5,189.0,5.0,1.0292397660818713,-21.5,0.8862433862433863
175.0,157.0,162.0,178.0,198.0,176.0,171.0,166.0,1992-09-30,172.0,173.75,-1.0,0.9943181818181818,-1.75,0.9899280575539569
168.0,166.0,157.0,162.0,178.0,175.0,176.0,171.0,1992-12-31,172.5,165.75,-7.0,0.96,6.75,1.0407239819004526
167.0,171.0,166.0,157.0,162.0,168.0,175.0,176.0,1993-03-31,171.5,164.0,-1.0,0.9940476190476191,7.5,1.045731707317073
170.0,176.0,171.0,166.0,157.0,167.0,168.0,175.0,1993-06-30,170.0,167.5,3.0,1.0179640718562875,2.5,1.0149253731343284
159.0,175.0,176.0,171.0,166.0,170.0,167.0,168.0,1993-09-30,166.0,172.0,-11.0,0.9352941176470588,-6.0,0.9651162790697675
135.0,168.0,175.0,176.0,171.0,159.0,170.0,167.0,1993-12-31,157.75,172.5,-24.0,0.8490566037735849,-14.75,0.9144927536231884
119.0,167.0,168.0,175.0,176.0,135.0,159.0,170.0,1994-03-31,145.75,171.5,-16.0,0.8814814814814815,-25.75,0.8498542274052479
110.0,170.0,167.0,168.0,175.0,119.0,135.0,159.0,1994-06-30,130.75,170.0,-9.0,0.9243697478991597,-39.25,0.7691176470588236
85.0,159.0,170.0,167.0,168.0,110.0,119.0,135.0,1994-09-30,112.25,166.0,-25.0,0.7727272727272727,-53.75,0.6762048192771084
44.0,135.0,159.0,170.0,167.0,85.0,110.0,119.0,1994-12-31,89.5,157.75,-41.0,0.5176470588235295,-68.25,0.5673534072900158
-2.0,119.0,135.0,159.0,170.0,44.0,85.0,110.0,1995-03-31,59.25,145.75,-46.0,-0.045454545454545456,-86.5,0.4065180102915952
-57.0,110.0,119.0,135.0,159.0,-2.0,44.0,85.0,1995-06-30,17.5,130.75,-55.0,28.5,-113.25,0.1338432122370937
-68.0,85.0,110.0,119.0,135.0,-57.0,-2.0,44.0,1995-09-30,-20.75,112.25,-11.0,1.1929824561403508,-133.0,-0.18485523385300667
42.0,44.0,85.0,110.0,119.0,-68.0,-57.0,-2.0,1995-12-31,-21.25,89.5,110.0,-0.6176470588235294,-110.75,-0.23743016759776536
150.0,-2.0,44.0,85.0,110.0,42.0,-68.0,-57.0,1996-03-31,16.75,59.25,108.0,3.5714285714285716,-42.5,0.28270042194092826
140.0,-57.0,-2.0,44.0,85.0,150.0,42.0,-68.0,1996-06-30,66.0,17.5,-10.0,0.9333333333333333,48.5,3.7714285714285714
138.0,-68.0,-57.0,-2.0,44.0,140.0,150.0,42.0,1996-09-30,117.5,-20.75,-2.0,0.9857142857142858,138.25,-5.662650602409639
324.0,42.0,-68.0,-57.0,-2.0,138.0,140.0,150.0,1996-12-31,188.0,-21.25,186.0,2.347826086956522,209.25,-8.847058823529412
197.0,150.0,42.0,-68.0,-57.0,324.0,138.0,140.0,1997-03-31,199.75,16.75,-127.0,0.6080246913580247,183.0,11.925373134328359
109.0,140.0,150.0,42.0,-68.0,197.0,324.0,138.0,1997-06-30,192.0,66.0,-88.0,0.5532994923857868,126.0,2.909090909090909
120.0,138.0,140.0,150.0,42.0,109.0,197.0,324.0,1997-09-30,187.5,117.5,11.0,1.1009174311926606,70.0,1.5957446808510638
-185.0,324.0,138.0,140.0,150.0,120.0,109.0,197.0,1997-12-31,60.25,188.0,-305.0,-1.5416666666666667,-127.75,0.3204787234042553
116.0,197.0,324.0,138.0,140.0,-185.0,120.0,109.0,1998-03-31,40.0,199.75,301.0,-0.6270270270270271,-159.75,0.2002503128911139
217.0,109.0,197.0,324.0,138.0,116.0,-185.0,120.0,1998-06-30,67.0,192.0,101.0,1.8706896551724137,-125.0,0.3489583333333333
-327.0,120.0,109.0,197.0,324.0,217.0,116.0,-185.0,1998-09-30,-44.75,187.5,-544.0,-1.5069124423963134,-232.25,-0.23866666666666667
59.0,-185.0,120.0,109.0,197.0,-327.0,217.0,116.0,1998-12-31,16.25,60.25,386.0,-0.18042813455657492,-44.0,0.2697095435684647
201.0,116.0,-185.0,120.0,109.0,59.0,-327.0,217.0,1999-03-31,37.5,40.0,142.0,3.406779661016949,-2.5,0.9375
191.0,217.0,116.0,-185.0,120.0,201.0,59.0,-327.0,1999-06-30,31.0,67.0,-10.0,0.9502487562189055,-36.0,0.4626865671641791
374.0,-327.0,217.0,116.0,-185.0,191.0,201.0,59.0,1999-09-30,206.25,-44.75,183.0,1.9581151832460733,251.0,-4.608938547486034
69.0,59.0,-327.0,217.0,116.0,374.0,191.0,201.0,1999-12-31,208.75,16.25,-305.0,0.18449197860962566,192.5,12.846153846153847
204.0,201.0,59.0,-327.0,217.0,69.0,374.0,191.0,2000-03-31,209.5,37.5,135.0,2.9565217391304346,172.0,5.586666666666667
102.0,191.0,201.0,59.0,-327.0,204.0,69.0,374.0,2000-06-30,187.25,31.0,-102.0,0.5,156.25,6.040322580645161
206.0,374.0,191.0,201.0,59.0,102.0,204.0,69.0,2000-09-30,145.25,206.25,104.0,2.019607843137255,-61.0,0.7042424242424242
259.0,69.0,374.0,191.0,201.0,206.0,102.0,204.0,2000-12-31,192.75,208.75,53.0,1.2572815533980584,-16.0,0.9233532934131736
50.0,204.0,69.0,374.0,191.0,259.0,206.0,102.0,2001-03-31,154.25,209.5,-209.0,0.19305019305019305,-55.25,0.7362768496420048
50.0,102.0,204.0,69.0,374.0,50.0,259.0,206.0,2001-06-30,141.25,187.25,0.0,1.0,-46.0,0.7543391188251002
50.0,206.0,102.0,204.0,69.0,50.0,50.0,259.0,2001-09-30,102.25,145.25,0.0,1.0,-43.0,0.7039586919104991
-327.0,259.0,206.0,102.0,204.0,50.0,50.0,50.0,2001-12-31,-44.25,192.75,-377.0,-6.54,-237.0,-0.22957198443579765
99.0,50.0,259.0,206.0,102.0,-327.0,50.0,50.0,2002-03-31,-32.0,154.25,426.0,-0.30275229357798167,-186.25,-0.20745542949756887
99.0,50.0,50.0,259.0,206.0,99.0,-327.0,50.0,2002-06-30,-19.75,141.25,0.0,1.0,-161.0,-0.13982300884955753
99.0,50.0,50.0,50.0,259.0,99.0,99.0,-327.0,2002-09-30,-7.5,102.25,0.0,1.0,-109.75,-0.07334963325183375
99.0,-327.0,50.0,50.0,50.0,99.0,99.0,99.0,2002-12-31,99.0,-44.25,0.0,1.0,143.25,-2.23728813559322
33.0,99.0,-327.0,50.0,50.0,99.0,99.0,99.0,2003-03-31,82.5,-32.0,-66.0,0.3333333333333333,114.5,-2.578125
33.0,99.0,99.0,-327.0,50.0,33.0,99.0,99.0,2003-06-30,66.0,-19.75,0.0,1.0,85.75,-3.3417721518987342
33.0,99.0,99.0,99.0,-327.0,33.0,33.0,99.0,2003-09-30,49.5,-7.5,0.0,1.0,57.0,-6.6
33.0,99.0,99.0,99.0,99.0,33.0,33.0,33.0,2003-12-31,33.0,99.0,0.0,1.0,-66.0,0.3333333333333333
163.0,33.0,99.0,99.0,99.0,33.0,33.0,33.0,2004-03-31,65.5,82.5,130.0,4.9393939393939394,-17.0,0.793939393939394
122.0,33.0,33.0,99.0,99.0,163.0,33.0,33.0,2004-06-30,87.75,66.0,-41.0,0.7484662576687117,21.75,1.3295454545454546
78.0,33.0,33.0,33.0,99.0,122.0,163.0,33.0,2004-09-30,99.0,49.5,-44.0,0.639344262295082,49.5,2.0
64.0,33.0,33.0,33.0,33.0,78.0,122.0,163.0,2004-12-31,106.75,33.0,-14.0,0.8205128205128205,73.75,3.234848484848485
87.0,163.0,33.0,33.0,33.0,64.0,78.0,122.0,2005-03-31,87.75,65.5,23.0,1.359375,22.25,1.3396946564885497
126.0,122.0,163.0,33.0,33.0,87.0,64.0,78.0,2005-06-30,88.75,87.75,39.0,1.4482758620689655,1.0,1.0113960113960114
109.0,78.0,122.0,163.0,33.0,126.0,87.0,64.0,2005-09-30,96.5,99.0,-17.0,0.8650793650793651,-2.5,0.9747474747474747
30.0,64.0,78.0,122.0,163.0,109.0,126.0,87.0,2005-12-31,88.0,106.75,-79.0,0.27522935779816515,-18.75,0.8243559718969555
157.0,87.0,64.0,78.0,122.0,30.0,109.0,126.0,2006-03-31,105.5,87.75,127.0,5.233333333333333,17.75,1.2022792022792024
204.0,126.0,87.0,64.0,78.0,157.0,30.0,109.0,2006-06-30,125.0,88.75,47.0,1.2993630573248407,36.25,1.408450704225352
36.0,109.0,126.0,87.0,64.0,204.0,157.0,30.0,2006-09-30,106.75,96.5,-168.0,0.17647058823529413,10.25,1.1062176165803108
255.0,30.0,109.0,126.0,87.0,36.0,204.0,157.0,2006-12-31,163.0,88.0,219.0,7.083333333333333,75.0,1.8522727272727273
241.0,157.0,30.0,109.0,126.0,255.0,36.0,204.0,2007-03-31,184.0,105.5,-14.0,0.9450980392156862,78.5,1.7440758293838863
159.0,204.0,157.0,30.0,109.0,241.0,255.0,36.0,2007-06-30,172.75,125.0,-82.0,0.6597510373443983,47.75,1.382
348.0,36.0,204.0,157.0,30.0,159.0,241.0,255.0,2007-09-30,250.75,106.75,189.0,2.188679245283019,144.0,2.348946135831382
197.0,255.0,36.0,204.0,157.0,348.0,159.0,241.0,2007-12-31,236.25,163.0,-151.0,0.5660919540229885,73.25,1.4493865030674846
58.0,241.0,255.0,36.0,204.0,197.0,348.0,159.0,2008-03-31,190.5,184.0,-139.0,0.29441624365482233,6.5,1.0353260869565217
85.0,159.0,241.0,255.0,36.0,58.0,197.0,348.0,2008-06-30,172.0,172.75,27.0,1.4655172413793103,-0.75,0.9956584659913169
27.0,348.0,159.0,241.0,255.0,85.0,58.0,197.0,2008-09-30,91.75,250.75,-58.0,0.3176470588235294,-159.0,0.3659022931206381
222.0,197.0,348.0,159.0,241.0,27.0,85.0,58.0,2008-12-31,98.0,236.25,195.0,8.222222222222221,-138.25,0.4148148148148148
85.0,58.0,197.0,348.0,159.0,222.0,27.0,85.0,2009-03-31,104.75,190.5,-137.0,0.38288288288288286,-85.75,0.5498687664041995
122.0,85.0,58.0,197.0,348.0,85.0,222.0,27.0,2009-06-30,114.0,172.0,37.0,1.4352941176470588,-58.0,0.6627906976744186
92.0,27.0,85.0,58.0,197.0,122.0,85.0,222.0,2009-09-30,130.25,91.75,-30.0,0.7540983606557377,38.5,1.4196185286103542
-75.0,222.0,27.0,85.0,58.0,92.0,122.0,85.0,2009-12-31,56.0,98.0,-167.0,-0.8152173913043478,-42.0,0.5714285714285714
-122.0,85.0,222.0,27.0,85.0,-75.0,92.0,122.0,2010-03-31,4.25,104.75,-47.0,1.6266666666666667,-100.5,0.0405727923627685
90.0,122.0,85.0,222.0,27.0,-122.0,-75.0,92.0,2010-06-30,-3.75,114.0,212.0,-0.7377049180327869,-117.75,-0.03289473684210526
39.0,92.0,122.0,85.0,222.0,90.0,-122.0,-75.0,2010-09-30,-17.0,130.25,-51.0,0.43333333333333335,-147.25,-0.13051823416506717
78.0,-75.0,92.0,122.0,85.0,39.0,90.0,-122.0,2010-12-31,21.25,56.0,39.0,2.0,-34.75,0.3794642857142857
262.0,-122.0,-75.0,92.0,122.0,78.0,39.0,90.0,2011-03-31,117.25,4.25,184.0,3.358974358974359,113.0,27.58823529411765
105.0,90.0,-122.0,-75.0,92.0,262.0,78.0,39.0,2011-06-30,121.0,-3.75,-157.0,0.40076335877862596,124.75,-32.266666666666666
96.0,39.0,90.0,-122.0,-75.0,105.0,262.0,78.0,2011-09-30,135.25,-17.0,-9.0,0.9142857142857143,152.25,-7.955882352941177
190.0,78.0,39.0,90.0,-122.0,96.0,105.0,262.0,2011-12-31,163.25,21.25,94.0,1.9791666666666667,142.0,7.682352941176471
134.0,262.0,78.0,39.0,90.0,190.0,96.0,105.0,2012-03-31,131.25,117.25,-56.0,0.7052631578947368,14.0,1.1194029850746268
64.0,105.0,262.0,78.0,39.0,134.0,190.0,96.0,2012-06-30,121.0,121.0,-70.0,0.47761194029850745,0.0,1.0
36.0,96.0,105.0,262.0,78.0,64.0,134.0,190.0,2012-09-30,106.0,135.25,-28.0,0.5625,-29.25,0.7837338262476895
212.0,190.0,96.0,105.0,262.0,36.0,64.0,134.0,2012-12-31,111.5,163.25,176.0,5.888888888888889,-51.75,0.6830015313935681
57.0,134.0,190.0,96.0,105.0,212.0,36.0,64.0,2013-03-31,92.25,131.25,-155.0,0.2688679245283019,-39.0,0.7028571428571428
148.0,64.0,134.0,190.0,96.0,57.0,212.0,36.0,2013-06-30,113.25,121.0,91.0,2.5964912280701755,-7.75,0.9359504132231405
-56.0,36.0,64.0,134.0,190.0,148.0,57.0,212.0,2013-09-30,90.25,106.0,-204.0,-0.3783783783783784,-15.75,0.8514150943396226
-599.0,212.0,36.0,64.0,134.0,-56.0,148.0,57.0,2013-12-31,-112.5,111.5,-543.0,10.696428571428571,-224.0,-1.0089686098654709
135.0,57.0,212.0,36.0,64.0,-599.0,-56.0,148.0,2014-03-31,-93.0,92.25,734.0,-0.22537562604340566,-185.25,-1.008130081300813
69.0,148.0,57.0,212.0,36.0,135.0,-599.0,-56.0,2014-06-30,-112.75,113.25,-66.0,0.5111111111111111,-226.0,-0.9955849889624724
151.0,-56.0,148.0,57.0,212.0,69.0,135.0,-599.0,2014-09-30,-61.0,90.25,82.0,2.1884057971014492,-151.25,-0.6759002770083102
276.0,-599.0,-56.0,148.0,57.0,151.0,69.0,135.0,2014-12-31,157.75,-112.5,125.0,1.8278145695364238,270.25,-1.4022222222222223
132.0,135.0,-599.0,-56.0,148.0,276.0,151.0,69.0,2015-03-31,157.0,-93.0,-144.0,0.4782608695652174,250.0,-1.6881720430107527
217.0,69.0,135.0,-599.0,-56.0,132.0,276.0,151.0,2015-06-30,194.0,-112.75,85.0,1.643939393939394,306.75,-1.7206208425720622
247.0,151.0,69.0,135.0,-599.0,217.0,132.0,276.0,2015-09-30,218.0,-61.0,30.0,1.1382488479262673,279.0,-3.5737704918032787
1290.0,276.0,151.0,69.0,135.0,247.0,217.0,132.0,2015-12-31,471.5,157.75,1043.0,5.222672064777328,313.75,2.988906497622821
110.0,132.0,276.0,151.0,69.0,1290.0,247.0,217.0,2016-03-31,466.0,157.0,-1180.0,0.08527131782945736,309.0,2.968152866242038
475.0,217.0,132.0,276.0,151.0,110.0,1290.0,247.0,2016-06-30,530.5,194.0,365.0,4.318181818181818,336.5,2.734536082474227
219.0,247.0,217.0,132.0,276.0,475.0,110.0,1290.0,2016-09-30,523.5,218.0,-256.0,0.4610526315789474,305.5,2.4013761467889907
228.0,1290.0,247.0,217.0,132.0,219.0,475.0,110.0,2016-12-31,258.0,471.5,9.0,1.0410958904109588,-213.5,0.5471898197242842
128.0,110.0,1290.0,247.0,217.0,228.0,219.0,475.0,2017-03-31,262.5,466.0,-100.0,0.5614035087719298,-203.5,0.5633047210300429
230.0,475.0,110.0,1290.0,247.0,128.0,228.0,219.0,2017-06-30,201.25,530.5,102.0,1.796875,-329.25,0.3793590951932139
234.0,219.0,475.0,110.0,1290.0,230.0,128.0,228.0,2017-09-30,205.0,523.5,4.0,1.017391304347826,-318.5,0.39159503342884433
