0_mths_prior,3_mths_prior,Date,qoq_diff,qoq_ratio
568663.0,595804.0,1991-12-31,-27141.0,0.9544464286913146
583899.0,568663.0,1992-03-31,15236.0,1.0267926698237797
581202.0,583899.0,1992-06-30,-2697.0,0.9953810504898963
571544.0,581202.0,1992-09-30,-9658.0,0.9833827137552864
587835.0,571544.0,1992-12-31,16291.0,1.0285034922945564
559644.0,587835.0,1993-03-31,-28191.0,0.9520426650335553
600655.0,559644.0,1993-06-30,41011.0,1.073280514041069
599333.0,600655.0,1993-09-30,-1322.0,0.9977990693492936
649126.0,599333.0,1993-12-31,49793.0,1.0830806913685713
687115.0,649126.0,1994-03-31,37989.0,1.058523306723194
711898.0,687115.0,1994-06-30,24783.0,1.036068198190987
742477.0,711898.0,1994-09-30,30579.0,1.0429541872571633
769182.0,742477.0,1994-12-31,26705.0,1.0359674441093798
763385.0,769182.0,1995-03-31,-5797.0,0.9924634221809663
768198.0,763385.0,1995-06-30,4813.0,1.0063048134296586
804800.0,768198.0,1995-09-30,36602.0,1.047646570285265
802180.0,804800.0,1995-12-31,-2620.0,0.9967445328031809
855205.0,802180.0,1996-03-31,53025.0,1.0661011244359122
872716.0,855205.0,1996-06-30,17511.0,1.02047579235388
876235.0,872716.0,1996-09-30,3519.0,1.0040322395830945
883867.0,876235.0,1996-12-31,7632.0,1.0087099921824625
928543.0,883867.0,1997-03-31,44676.0,1.0505460663199329
936605.0,928543.0,1997-06-30,8062.0,1.0086824196617712
980287.0,936605.0,1997-09-30,43682.0,1.0466386577052227
969960.0,980287.0,1997-12-31,-10327.0,0.9894653300513013
901076.0,969960.0,1998-03-31,-68884.0,0.9289826384593179
912813.0,901076.0,1998-06-30,11737.0,1.013025538356365
953175.0,912813.0,1998-09-30,40362.0,1.0442171616749543
925466.0,953175.0,1998-12-31,-27709.0,0.9709297872898471
938358.0,925466.0,1999-03-31,12892.0,1.0139302794484075
939165.0,938358.0,1999-06-30,807.0,1.000860012916179
939000.0,939165.0,1999-09-30,-165.0,0.9998243120218492
913734.0,939000.0,1999-12-31,-25266.0,0.9730926517571885
936631.0,913734.0,2000-03-31,22897.0,1.0250587151184043
938810.0,936631.0,2000-06-30,2179.0,1.002326423105791
918383.0,938810.0,2000-09-30,-20427.0,0.9782416037323847
885201.0,918383.0,2000-12-31,-33182.0,0.9638691047199263
755313.0,885201.0,2001-03-31,-129888.0,0.8532672240541979
866181.0,755313.0,2001-06-30,110868.0,1.1467841808627681
898465.0,866181.0,2001-09-30,32284.0,1.0372716556932096
795202.0,898465.0,2001-12-31,-103263.0,0.8850673092440997
878269.0,795202.0,2002-03-31,83067.0,1.104460250351483
877749.0,878269.0,2002-06-30,-520.0,0.9994079262731578
880030.0,877749.0,2002-09-30,2281.0,1.0025986927925865
890221.0,880030.0,2002-12-31,10191.0,1.0115802870356692
956541.0,890221.0,2003-03-31,66320.0,1.0744983549028837
907169.0,956541.0,2003-06-30,-49372.0,0.9483848575230962
968841.0,907169.0,2003-09-30,61672.0,1.0679829226968736
967950.0,968841.0,2003-12-31,-891.0,0.9990803444528049
1041674.0,967950.0,2004-03-31,73724.0,1.0761650911720646
1121626.0,1041674.0,2004-06-30,79952.0,1.0767533796562072
1149064.0,1121626.0,2004-09-30,27438.0,1.0244626996877748
1131921.0,1149064.0,2004-12-31,-17143.0,0.9850809006286856
1259985.0,1131921.0,2005-03-31,128064.0,1.1131386377671233
1380299.0,1259985.0,2005-06-30,120314.0,1.0954884383544248
1463772.0,1380299.0,2005-09-30,83473.0,1.0604745783341145
1702475.0,1463772.0,2005-12-31,238703.0,1.1630738940217467
1485288.0,1702475.0,2006-03-31,-217187.0,0.8724286700245231
1502926.0,1485288.0,2006-06-30,17638.0,1.0118751380203705
1565088.0,1502926.0,2006-09-30,62162.0,1.041360652487215
1434163.0,1565088.0,2006-12-31,-130925.0,0.9163465568709236
1477749.0,1434163.0,2007-03-31,43586.0,1.0303912456254973
1534103.0,1477749.0,2007-06-30,56354.0,1.0381350283437851
1396067.0,1534103.0,2007-09-30,-138036.0,0.9100216869401859
1395838.0,1396067.0,2007-12-31,-229.0,0.9998359677579944
1304140.0,1395838.0,2008-03-31,-91698.0,0.9343061300809979
1292793.0,1304140.0,2008-06-30,-11347.0,0.9912992470133575
1384542.0,1292793.0,2008-09-30,91749.0,1.0709695983811793
1285752.0,1384542.0,2008-12-31,-98790.0,0.928647885004572
1094763.0,1285752.0,2009-03-31,-190989.0,0.851457357250854
1061766.0,1094763.0,2009-06-30,-32997.0,0.9698592298059032
1091179.0,1061766.0,2009-09-30,29413.0,1.0277019606956712
1209279.0,1091179.0,2009-12-31,118100.0,1.1082315550427566
1239963.0,1209279.0,2010-03-31,30684.0,1.0253737971138175
1308101.0,1239963.0,2010-06-30,68138.0,1.0549516396860228
1406292.0,1308101.0,2010-09-30,98191.0,1.075063775656467
1376368.0,1406292.0,2010-12-31,-29924.0,0.9787213466335584
1283027.0,1376368.0,2011-03-31,-93341.0,0.9321831080059984
1406521.0,1283027.0,2011-06-30,123494.0,1.0962520664023438
1436353.0,1406521.0,2011-09-30,29832.0,1.02120977930653
1482356.0,1436353.0,2011-12-31,46003.0,1.032027642230009
1508115.0,1482356.0,2012-03-31,25759.0,1.0173770673171627
1569298.0,1508115.0,2012-06-30,61183.0,1.0405691873630327
1517279.0,1569298.0,2012-09-30,-52019.0,0.9668520574167557
1545733.0,1517279.0,2012-12-31,28454.0,1.0187533077304833
1576150.0,1545733.0,2013-03-31,30417.0,1.0196780427150096
1581047.0,1576150.0,2013-06-30,4897.0,1.0031069377914539
1486064.0,1581047.0,2013-09-30,-94983.0,0.939923987079448
1561232.0,1486064.0,2013-12-31,75168.0,1.0505819399433671
1493548.0,1561232.0,2014-03-31,-67684.0,0.9566470582206873
1615798.0,1493548.0,2014-06-30,122250.0,1.0818520730502132
1696473.0,1615798.0,2014-09-30,80675.0,1.0499288896260548
1704935.0,1696473.0,2014-12-31,8462.0,1.0049879956828078
1652303.0,1704935.0,2015-03-31,-52632.0,0.9691296149120054
1676952.0,1652303.0,2015-06-30,24649.0,1.0149179660147079
1707181.0,1676952.0,2015-09-30,30229.0,1.0180261569800448
1587644.0,1707181.0,2015-12-31,-119537.0,0.9299798908258703
1668086.0,1587644.0,2016-03-31,80442.0,1.0506675300004282
1548865.0,1668086.0,2016-06-30,-119221.0,0.9285282653292456
1597836.0,1548865.0,2016-09-30,48971.0,1.0316173456046847
1538631.0,1597836.0,2016-12-31,-59205.0,0.9629467604935675
1565369.0,1538631.0,2017-03-31,26738.0,1.01737778583689
1617212.0,1565369.0,2017-06-30,51843.0,1.0331187087517384
1640682.0,1617212.0,2017-09-30,23470.0,1.014512630378701
