0_mths_prior,3_mths_prior,Date,qoq_diff,qoq_ratio
12048.0,9628.0,1991-12-31,2420.0,1.2513502285002078
10301.0,12048.0,1992-03-31,-1747.0,0.8549966799468791
10178.0,10301.0,1992-06-30,-123.0,0.9880594117076013
9098.0,10178.0,1992-09-30,-1080.0,0.8938887797209668
9945.0,9098.0,1992-12-31,847.0,1.0930973840404485
14327.0,9945.0,1993-03-31,4382.0,1.440623428858723
11249.0,14327.0,1993-06-30,-3078.0,0.7851608850422279
12276.0,11249.0,1993-09-30,1027.0,1.0912970041781491
10666.0,12276.0,1993-12-31,-1610.0,0.8688497882046269
8344.0,10666.0,1994-03-31,-2322.0,0.782298893680855
9190.0,8344.0,1994-06-30,846.0,1.1013902205177373
7401.0,9190.0,1994-09-30,-1789.0,0.8053318824809576
8957.0,7401.0,1994-12-31,1556.0,1.2102418592082151
11664.0,8957.0,1995-03-31,2707.0,1.3022217260243385
12908.0,11664.0,1995-06-30,1244.0,1.106652949245542
13216.0,12908.0,1995-09-30,308.0,1.0238611713665944
14886.0,13216.0,1995-12-31,1670.0,1.126361985472155
13961.0,14886.0,1996-03-31,-925.0,0.9378610775225044
11893.0,13961.0,1996-06-30,-2068.0,0.8518730749946279
12743.0,11893.0,1996-09-30,850.0,1.07147061296561
15508.0,12743.0,1996-12-31,2765.0,1.2169818724005337
12494.0,15508.0,1997-03-31,-3014.0,0.8056486974464793
13473.0,12494.0,1997-06-30,979.0,1.0783576116535938
13032.0,13473.0,1997-09-30,-441.0,0.9672678690714763
13752.0,13032.0,1997-12-31,720.0,1.0552486187845305
13642.0,13752.0,1998-03-31,-110.0,0.9920011634671321
14072.0,13642.0,1998-06-30,430.0,1.0315203049406245
11016.0,14072.0,1998-09-30,-3056.0,0.7828311540648095
14318.0,11016.0,1998-12-31,3302.0,1.2997458242556281
16671.0,14318.0,1999-03-31,2353.0,1.1643385947758067
18315.0,16671.0,1999-06-30,1644.0,1.0986143602663307
13730.0,18315.0,1999-09-30,-4585.0,0.7496587496587497
21695.0,13730.0,1999-12-31,7965.0,1.5801165331391114
22057.0,21695.0,2000-03-31,362.0,1.0166858723208112
25393.0,22057.0,2000-06-30,3336.0,1.1512445028789047
28089.0,25393.0,2000-09-30,2696.0,1.1061709920056708
27619.0,28089.0,2000-12-31,-470.0,0.9832674712520916
25497.0,27619.0,2001-03-31,-2122.0,0.9231688330497122
25448.0,25497.0,2001-06-30,-49.0,0.9980782052790524
26541.0,25448.0,2001-09-30,1093.0,1.042950330084879
36968.0,26541.0,2001-12-31,10427.0,1.39286387099205
25545.0,36968.0,2002-03-31,-11423.0,0.6910030296472625
22896.0,25545.0,2002-06-30,-2649.0,0.8963006459189665
20115.0,22896.0,2002-09-30,-2781.0,0.8785377358490566
28203.0,20115.0,2002-12-31,8088.0,1.4020879940343027
17451.0,28203.0,2003-03-31,-10752.0,0.6187639612807149
37487.0,17451.0,2003-06-30,20036.0,2.1481290470460146
28124.0,37487.0,2003-09-30,-9363.0,0.7502334142502735
32479.0,28124.0,2003-12-31,4355.0,1.1548499502204523
35578.0,32479.0,2004-03-31,3099.0,1.0954154992456664
25406.0,35578.0,2004-06-30,-10172.0,0.714092978807128
27900.0,25406.0,2004-09-30,2494.0,1.0981657876092261
31521.0,27900.0,2004-12-31,3621.0,1.1297849462365592
28246.0,31521.0,2005-03-31,-3275.0,0.8961010120237302
14228.0,28246.0,2005-06-30,-14018.0,0.5037173405083906
-15548.0,14228.0,2005-09-30,-29776.0,-1.0927748102333428
-44739.0,-15548.0,2005-12-31,-29191.0,2.877476202727039
29663.0,-44739.0,2006-03-31,74402.0,-0.663023312993138
27064.0,29663.0,2006-06-30,-2599.0,0.9123824292890133
36125.0,27064.0,2006-09-30,9061.0,1.3347989949748744
55803.0,36125.0,2006-12-31,19678.0,1.544719723183391
34795.0,55803.0,2007-03-31,-21008.0,0.6235327849757182
34461.0,34795.0,2007-06-30,-334.0,0.9904009196723668
49284.0,34461.0,2007-09-30,14823.0,1.4301384173413423
56919.0,49284.0,2007-12-31,7635.0,1.154918431945459
38978.0,56919.0,2008-03-31,-17941.0,0.6847976949700452
48007.0,38978.0,2008-06-30,9029.0,1.2316434912001641
54643.0,48007.0,2008-09-30,6636.0,1.1382298414814507
42212.0,54643.0,2008-12-31,-12431.0,0.7725051699211244
49282.0,42212.0,2009-03-31,7070.0,1.1674879181275466
47016.0,49282.0,2009-06-30,-2266.0,0.9540197232255184
46327.0,47016.0,2009-09-30,-689.0,0.9853454143270376
50085.0,46327.0,2009-12-31,3758.0,1.0811190018779546
58585.0,50085.0,2010-03-31,8500.0,1.1697114904662074
52294.0,58585.0,2010-06-30,-6291.0,0.8926175642229239
54323.0,52294.0,2010-09-30,2029.0,1.0387998623169006
53001.0,54323.0,2010-12-31,-1322.0,0.9756640833532758
52609.0,53001.0,2011-03-31,-392.0,0.9926039131337144
52901.0,52609.0,2011-06-30,292.0,1.0055503811134976
55017.0,52901.0,2011-09-30,2116.0,1.0399992438706263
54619.0,55017.0,2011-12-31,-398.0,0.992765872366723
51149.0,54619.0,2012-03-31,-3470.0,0.9364689943060107
42729.0,51149.0,2012-06-30,-8420.0,0.8353829009364797
47111.0,42729.0,2012-09-30,4382.0,1.1025533010367665
48836.0,47111.0,2012-12-31,1725.0,1.0366156523954067
52633.0,48836.0,2013-03-31,3797.0,1.0777500204766974
48975.0,52633.0,2013-06-30,-3658.0,0.9304998765033344
69496.0,48975.0,2013-09-30,20521.0,1.4190096988259315
55055.0,69496.0,2013-12-31,-14441.0,0.7922038678485093
56903.0,55055.0,2014-03-31,1848.0,1.0335664335664336
57661.0,56903.0,2014-06-30,758.0,1.0133209145387765
57470.0,57661.0,2014-09-30,-191.0,0.9966875357694108
56083.0,57470.0,2014-12-31,-1387.0,0.9758656690447189
53944.0,56083.0,2015-03-31,-2139.0,0.9618601002086193
47676.0,53944.0,2015-06-30,-6268.0,0.8838054278511048
47253.0,47676.0,2015-09-30,-423.0,0.9911276113767934
56034.0,47253.0,2015-12-31,8781.0,1.1858294711446893
46541.0,56034.0,2016-03-31,-9493.0,0.8305850019630938
48242.0,46541.0,2016-06-30,1701.0,1.0365484196729766
45962.0,48242.0,2016-09-30,-2280.0,0.9527382778491771
60048.0,45962.0,2016-12-31,14086.0,1.3064705626387014
54958.0,60048.0,2017-03-31,-5090.0,0.9152344790833999
59414.0,54958.0,2017-06-30,4456.0,1.0810800975290222
58202.0,59414.0,2017-09-30,-1212.0,0.9796007674958764
