0_mths_prior,12_mths_prior,15_mths_prior,18_mths_prior,21_mths_prior,3_mths_prior,6_mths_prior,9_mths_prior,Date,past_year_1,past_year_2,qoq_diff,qoq_ratio,yoy_diff,yoy_ratio
142166.0,143296.0,151061.0,155927.0,151185.0,148951.0,149997.0,150403.0,1991-12-31,147879.25,150367.25,-6785.0,0.954448107095622,-2488.0,0.9834538438390008
145975.0,150403.0,143296.0,151061.0,155927.0,142166.0,148951.0,149997.0,1992-03-31,146772.25,150171.75,3809.0,1.0267926227086646,-3399.5,0.9773625865051183
145301.0,149997.0,150403.0,143296.0,151061.0,145975.0,142166.0,148951.0,1992-06-30,145598.25,148689.25,-674.0,0.9953827710224353,-3091.0,0.9792116780466644
142886.0,148951.0,149997.0,150403.0,143296.0,145301.0,145975.0,142166.0,1992-09-30,144082.0,148161.75,-2415.0,0.9833793298050254,-4079.75,0.9724642156292025
146959.0,142166.0,148951.0,149997.0,150403.0,142886.0,145301.0,145975.0,1992-12-31,145280.25,147879.25,4073.0,1.0285052419411278,-2599.0,0.9824248500043109
139911.0,145975.0,142166.0,148951.0,149997.0,146959.0,142886.0,145301.0,1993-03-31,143764.25,146772.25,-7048.0,0.9520410454616594,-3008.0,0.979505662684874
150164.0,145301.0,145975.0,142166.0,148951.0,139911.0,146959.0,142886.0,1993-06-30,144980.0,145598.25,10253.0,1.0732823008912808,-618.25,0.9957537264355856
149833.0,142886.0,145301.0,145975.0,142166.0,150164.0,139911.0,146959.0,1993-09-30,146716.75,144082.0,-331.0,0.9977957433206361,2634.75,1.0182864618758762
162282.0,146959.0,142886.0,145301.0,145975.0,149833.0,150164.0,139911.0,1993-12-31,150547.5,145280.25,12449.0,1.0830858355635942,5267.25,1.0362557883814214
171779.0,139911.0,146959.0,142886.0,145301.0,162282.0,149833.0,150164.0,1994-03-31,158514.5,143764.25,9497.0,1.058521585881367,14750.25,1.1026002639738322
177975.0,150164.0,139911.0,146959.0,142886.0,171779.0,162282.0,149833.0,1994-06-30,165467.25,144980.0,6196.0,1.0360696010571724,20487.25,1.1413108704648918
185619.0,149833.0,150164.0,139911.0,146959.0,177975.0,171779.0,162282.0,1994-09-30,174413.75,146716.75,7644.0,1.0429498525073746,27697.0,1.18877871817635
192296.0,162282.0,149833.0,150164.0,139911.0,185619.0,177975.0,171779.0,1994-12-31,181917.25,150547.5,6677.0,1.0359715330865913,31369.75,1.2083711121074743
190846.0,171779.0,162282.0,149833.0,150164.0,192296.0,185619.0,177975.0,1995-03-31,186684.0,158514.5,-1450.0,0.9924595415401256,28169.5,1.1777092947332894
192050.0,177975.0,171779.0,162282.0,149833.0,190846.0,192296.0,185619.0,1995-06-30,190202.75,165467.25,1204.0,1.0063087515588485,24735.5,1.1494887961212867
201200.0,185619.0,177975.0,171779.0,162282.0,192050.0,190846.0,192296.0,1995-09-30,194098.0,174413.75,9150.0,1.047643842749284,19684.25,1.1128595079229706
200545.0,192296.0,185619.0,177975.0,171779.0,201200.0,192050.0,190846.0,1995-12-31,196160.25,181917.25,-655.0,0.9967445328031809,14243.0,1.078293839644124
213801.0,190846.0,192296.0,185619.0,177975.0,200545.0,201200.0,192050.0,1996-03-31,201899.0,186684.0,13256.0,1.0660998778329054,15215.0,1.0815013605879453
218179.0,192050.0,190846.0,192296.0,185619.0,213801.0,200545.0,201200.0,1996-06-30,208431.25,190202.75,4378.0,1.0204769856081122,18228.5,1.0958372052980307
219059.0,201200.0,192050.0,190846.0,192296.0,218179.0,213801.0,200545.0,1996-09-30,212896.0,194098.0,880.0,1.0040333854312284,18798.0,1.0968479840080785
220967.0,200545.0,201200.0,192050.0,190846.0,219059.0,218179.0,213801.0,1996-12-31,218001.5,196160.25,1908.0,1.008709982242227,21841.25,1.1113439139682988
232136.0,213801.0,200545.0,201200.0,192050.0,220967.0,219059.0,218179.0,1997-03-31,222585.25,201899.0,11169.0,1.0505460091325853,20686.25,1.1024584074215324
234151.0,218179.0,213801.0,200545.0,201200.0,232136.0,220967.0,219059.0,1997-06-30,226578.25,208431.25,2015.0,1.00868025640142,18147.0,1.0870646796005876
245072.0,219059.0,218179.0,213801.0,200545.0,234151.0,232136.0,220967.0,1997-09-30,233081.5,212896.0,10921.0,1.046640842874897,20185.5,1.094813899744476
242490.0,220967.0,219059.0,218179.0,213801.0,245072.0,234151.0,232136.0,1997-12-31,238462.25,218001.5,-2582.0,0.98946432068943,20460.75,1.0938560055779434
225269.0,232136.0,220967.0,219059.0,218179.0,242490.0,245072.0,234151.0,1998-03-31,236745.5,222585.25,-17221.0,0.9289826384593179,14160.25,1.0636171983543383
228203.0,234151.0,232136.0,220967.0,219059.0,225269.0,242490.0,245072.0,1998-06-30,235258.5,226578.25,2934.0,1.0130244285720627,8680.25,1.0383101643692632
238294.0,245072.0,234151.0,232136.0,220967.0,228203.0,225269.0,242490.0,1998-09-30,233564.0,233081.5,10091.0,1.0442194011472241,482.5,1.0020700913628924
231367.0,242490.0,245072.0,234151.0,232136.0,238294.0,228203.0,225269.0,1998-12-31,230783.25,238462.25,-6927.0,0.9709308669123016,-7679.0,0.9677978380225801
234590.0,225269.0,242490.0,245072.0,234151.0,231367.0,238294.0,228203.0,1999-03-31,233113.5,236745.5,3223.0,1.0139302493441156,-3632.0,0.9846586313150619
234791.0,228203.0,225269.0,242490.0,245072.0,234590.0,231367.0,238294.0,1999-06-30,234760.5,235258.5,201.0,1.0008568140159426,-498.0,0.9978831795663069
234750.0,238294.0,228203.0,225269.0,242490.0,234791.0,234590.0,231367.0,1999-09-30,233874.5,233564.0,-41.0,0.9998253766115396,310.5,1.0013294000787794
228434.0,231367.0,238294.0,228203.0,225269.0,234750.0,234791.0,234590.0,1999-12-31,233141.25,230783.25,-6316.0,0.9730947816826411,2358.0,1.010217379294208
234158.0,234590.0,231367.0,238294.0,228203.0,228434.0,234750.0,234791.0,2000-03-31,233033.25,233113.5,5724.0,1.0250575658614742,-80.25,0.9996557470931542
234703.0,234791.0,234590.0,231367.0,238294.0,234158.0,228434.0,234750.0,2000-06-30,233011.25,234760.5,545.0,1.0023274882771462,-1749.25,0.9925487890850463
229596.0,234750.0,234791.0,234590.0,231367.0,234703.0,234158.0,228434.0,2000-09-30,231722.75,233874.5,-5107.0,0.9782405849094388,-2151.75,0.9907995527515826
221300.0,228434.0,234750.0,234791.0,234590.0,229596.0,234703.0,234158.0,2000-12-31,229939.25,233141.25,-8296.0,0.9638669663234551,-3202.0,0.9862658366977101
188828.0,234158.0,228434.0,234750.0,234791.0,221300.0,229596.0,234703.0,2001-03-31,218606.75,233033.25,-32472.0,0.8532670582919114,-14426.5,0.9380925254228742
216545.0,234703.0,234158.0,228434.0,234750.0,188828.0,221300.0,229596.0,2001-06-30,214067.25,233011.25,27717.0,1.1467843751985933,-18944.0,0.9186992044375539
224616.0,229596.0,234703.0,234158.0,228434.0,216545.0,188828.0,221300.0,2001-09-30,212822.25,231722.75,8071.0,1.0372716987231292,-18900.5,0.918434853720664
198801.0,221300.0,229596.0,234703.0,234158.0,224616.0,216545.0,188828.0,2001-12-31,207197.5,229939.25,-25815.0,0.8850705203547388,-22741.75,0.9010967027160435
219567.0,188828.0,221300.0,229596.0,234703.0,198801.0,224616.0,216545.0,2002-03-31,214882.25,218606.75,20766.0,1.1044562150089787,-3724.5,0.9829625571945971
219437.0,216545.0,188828.0,221300.0,229596.0,219567.0,198801.0,224616.0,2002-06-30,215605.25,214067.25,-130.0,0.9994079255990199,1538.0,1.0071846580922583
220008.0,224616.0,216545.0,188828.0,221300.0,219437.0,219567.0,198801.0,2002-09-30,214453.25,212822.25,571.0,1.0026021135906888,1631.0,1.007663672383879
222555.0,198801.0,224616.0,216545.0,188828.0,220008.0,219437.0,219567.0,2002-12-31,220391.75,207197.5,2547.0,1.0115768517508454,13194.25,1.0636795810760264
239135.0,219567.0,198801.0,224616.0,216545.0,222555.0,220008.0,219437.0,2003-03-31,225283.75,214882.25,16580.0,1.0744984385882141,10401.5,1.048405580265471
226792.0,219437.0,219567.0,198801.0,224616.0,239135.0,222555.0,220008.0,2003-06-30,227122.5,215605.25,-12343.0,0.948384803562841,11517.25,1.0534182261331761
242210.0,220008.0,219437.0,219567.0,198801.0,226792.0,239135.0,222555.0,2003-09-30,232673.0,214453.25,15418.0,1.0679829976366009,18219.75,1.0849590761622872
241988.0,222555.0,220008.0,219437.0,219567.0,242210.0,226792.0,239135.0,2003-12-31,237531.25,220391.75,-222.0,0.9990834399900912,17139.5,1.0777683375171712
260419.0,239135.0,222555.0,220008.0,219437.0,241988.0,242210.0,226792.0,2004-03-31,242852.25,225283.75,18431.0,1.07616493379837,17568.5,1.0779838758898501
280407.0,226792.0,239135.0,222555.0,220008.0,260419.0,241988.0,242210.0,2004-06-30,256256.0,227122.5,19988.0,1.0767532322910387,29133.5,1.1282721879162125
287266.0,242210.0,226792.0,239135.0,222555.0,280407.0,260419.0,241988.0,2004-09-30,267520.0,232673.0,6859.0,1.0244608729453972,34847.0,1.1497681295208297
282980.0,241988.0,242210.0,226792.0,239135.0,287266.0,280407.0,260419.0,2004-12-31,277768.0,237531.25,-4286.0,0.9850800303551412,40236.75,1.1693956058413366
314996.0,260419.0,241988.0,242210.0,226792.0,282980.0,287266.0,280407.0,2005-03-31,291412.25,242852.25,32016.0,1.1131387377199802,48560.0,1.1999569697213017
345075.0,280407.0,260419.0,241988.0,242210.0,314996.0,282980.0,287266.0,2005-06-30,307579.25,256256.0,30079.0,1.0954901014616059,51323.25,1.2002811641483517
365943.0,287266.0,280407.0,260419.0,241988.0,345075.0,314996.0,282980.0,2005-09-30,327248.5,267520.0,20868.0,1.0604738100412954,59728.5,1.2232674192583732
425619.0,282980.0,287266.0,280407.0,260419.0,365943.0,345075.0,314996.0,2005-12-31,362908.25,277768.0,59676.0,1.1630745771882507,85140.25,1.3065156893522651
371322.0,314996.0,282980.0,287266.0,280407.0,425619.0,365943.0,345075.0,2006-03-31,376989.75,291412.25,-54297.0,0.8724281575775518,85577.5,1.2936647309781932
375732.0,345075.0,314996.0,282980.0,287266.0,371322.0,425619.0,365943.0,2006-06-30,384654.0,307579.25,4410.0,1.01187648456057,77074.75,1.2505850118302844
391272.0,365943.0,345075.0,314996.0,282980.0,375732.0,371322.0,425619.0,2006-09-30,390986.25,327248.5,15540.0,1.0413592667113793,63737.75,1.1947686544017773
358541.0,425619.0,365943.0,345075.0,314996.0,391272.0,375732.0,371322.0,2006-12-31,374216.75,362908.25,-32731.0,0.9163471958126316,11308.5,1.0311607685964703
369437.0,371322.0,425619.0,365943.0,345075.0,358541.0,391272.0,375732.0,2007-03-31,373745.5,376989.75,10896.0,1.0303898298939311,-3244.25,0.9913943283603864
383526.0,375732.0,371322.0,425619.0,365943.0,369437.0,358541.0,391272.0,2007-06-30,375694.0,384654.0,14089.0,1.0381364075606938,-8960.0,0.9767063386835961
349017.0,391272.0,375732.0,371322.0,425619.0,383526.0,369437.0,358541.0,2007-09-30,365130.25,390986.25,-34509.0,0.9100217455922154,-25856.0,0.9338697972115387
348960.0,358541.0,391272.0,375732.0,371322.0,349017.0,383526.0,369437.0,2007-12-31,362735.0,374216.75,-57.0,0.9998366841729772,-11481.75,0.969317915352533
326035.0,369437.0,358541.0,391272.0,375732.0,348960.0,349017.0,383526.0,2008-03-31,351884.5,373745.5,-22925.0,0.9343047913801009,-21861.0,0.9415083258527528
323198.0,383526.0,369437.0,358541.0,391272.0,326035.0,348960.0,349017.0,2008-06-30,336802.5,375694.0,-2837.0,0.9912984802245157,-38891.5,0.8964809126576416
346136.0,349017.0,383526.0,369437.0,358541.0,323198.0,326035.0,348960.0,2008-09-30,336082.25,365130.25,22938.0,1.0709719738364718,-29048.0,0.9204448275649579
321438.0,348960.0,349017.0,383526.0,369437.0,346136.0,323198.0,326035.0,2008-12-31,329201.75,362735.0,-24698.0,0.9286465435551344,-33533.25,0.9075544130012267
273691.0,326035.0,348960.0,349017.0,383526.0,321438.0,346136.0,323198.0,2009-03-31,316115.75,351884.5,-47747.0,0.8514581350058176,-35768.75,0.8983508793368279
265442.0,323198.0,326035.0,348960.0,349017.0,273691.0,321438.0,346136.0,2009-06-30,301676.75,336802.5,-8249.0,0.9698601707765326,-35125.75,0.8957081672493523
272795.0,346136.0,323198.0,326035.0,348960.0,265442.0,273691.0,321438.0,2009-09-30,283341.5,336082.25,7353.0,1.0277009666895216,-52740.75,0.8430718968347778
302320.0,321438.0,346136.0,323198.0,326035.0,272795.0,265442.0,273691.0,2009-12-31,278562.0,329201.75,29525.0,1.1082314558551294,-50639.75,0.846174116632126
309991.0,273691.0,321438.0,346136.0,323198.0,302320.0,272795.0,265442.0,2010-03-31,287637.0,316115.75,7671.0,1.0253737761312516,-28478.75,0.9099103730200093
327025.0,265442.0,273691.0,321438.0,346136.0,309991.0,302320.0,272795.0,2010-06-30,303032.75,301676.75,17034.0,1.0549499824188444,1356.0,1.0044948773811704
351573.0,272795.0,265442.0,273691.0,321438.0,327025.0,309991.0,302320.0,2010-09-30,322727.25,283341.5,24548.0,1.075064597507836,39385.75,1.139004522810813
344092.0,302320.0,272795.0,265442.0,273691.0,351573.0,327025.0,309991.0,2010-12-31,333170.25,278562.0,-7481.0,0.9787213466335584,54608.25,1.1960362504577078
320757.0,309991.0,302320.0,272795.0,265442.0,344092.0,351573.0,327025.0,2011-03-31,335861.75,287637.0,-23335.0,0.9321838345558746,48224.75,1.1676583680124601
351630.0,327025.0,309991.0,302320.0,272795.0,320757.0,344092.0,351573.0,2011-06-30,342013.0,303032.75,30873.0,1.0962504325704505,38980.25,1.1286337862821758
359088.0,351573.0,327025.0,309991.0,302320.0,351630.0,320757.0,344092.0,2011-09-30,343891.75,322727.25,7458.0,1.0212097943861445,21164.5,1.0655801454633904
370589.0,344092.0,351573.0,327025.0,309991.0,359088.0,351630.0,320757.0,2011-12-31,350516.0,333170.25,11501.0,1.032028360736087,17345.75,1.0520627216865852
377029.0,320757.0,344092.0,351573.0,327025.0,370589.0,359088.0,351630.0,2012-03-31,364584.0,335861.75,6440.0,1.0173777419189451,28722.25,1.0855180740289718
392325.0,351630.0,320757.0,344092.0,351573.0,377029.0,370589.0,359088.0,2012-06-30,374757.75,342013.0,15296.0,1.0405698235414251,32744.75,1.0957412437538925
379320.0,359088.0,351630.0,320757.0,344092.0,392325.0,377029.0,370589.0,2012-09-30,379815.75,343891.75,-13005.0,0.9668514624354808,35924.0,1.1044631050323248
386433.0,370589.0,359088.0,351630.0,320757.0,379320.0,392325.0,377029.0,2012-12-31,383776.75,350516.0,7113.0,1.018751977222398,33260.75,1.0948908181081605
394038.0,377029.0,370589.0,359088.0,351630.0,386433.0,379320.0,392325.0,2013-03-31,388029.0,364584.0,7605.0,1.0196799962736103,23445.0,1.064306168125864
395262.0,392325.0,377029.0,370589.0,359088.0,394038.0,386433.0,379320.0,2013-06-30,388763.25,374757.75,1224.0,1.0031062993924444,14005.5,1.037372142403993
371516.0,379320.0,392325.0,377029.0,370589.0,395262.0,394038.0,386433.0,2013-09-30,386812.25,379815.75,-23746.0,0.9399233925851713,6996.5,1.0184207737567492
390308.0,386433.0,379320.0,392325.0,377029.0,371516.0,395262.0,394038.0,2013-12-31,387781.0,383776.75,18792.0,1.0505819399433671,4004.25,1.0104338003800386
373387.0,394038.0,386433.0,379320.0,392325.0,390308.0,371516.0,395262.0,2014-03-31,382618.25,388029.0,-16921.0,0.9566470582206873,-5410.75,0.9860558102616042
403950.0,395262.0,394038.0,386433.0,379320.0,373387.0,390308.0,371516.0,2014-06-30,384790.25,388763.25,30563.0,1.081853412143433,-3973.0,0.9897804126290229
424118.0,371516.0,395262.0,394038.0,386433.0,403950.0,373387.0,390308.0,2014-09-30,397940.75,386812.25,20168.0,1.049926971159797,11128.5,1.0287697713813355
426234.0,390308.0,371516.0,395262.0,394038.0,424118.0,403950.0,373387.0,2014-12-31,406922.25,387781.0,2116.0,1.0049891775402129,19141.25,1.0493609795219467
413076.0,373387.0,390308.0,371516.0,395262.0,426234.0,424118.0,403950.0,2015-03-31,416844.5,382618.25,-13158.0,0.9691296330184828,34226.25,1.0894527378137346
419238.0,403950.0,373387.0,390308.0,371516.0,413076.0,426234.0,424118.0,2015-06-30,420666.5,384790.25,6162.0,1.0149173517706185,35876.25,1.0932358603161072
426795.0,424118.0,403950.0,373387.0,390308.0,419238.0,413076.0,426234.0,2015-09-30,421335.75,397940.75,7557.0,1.0180255606600546,23395.0,1.0587901590877535
396911.0,426234.0,424118.0,403950.0,373387.0,426795.0,419238.0,413076.0,2015-12-31,414005.0,406922.25,-29884.0,0.9299804355721131,7082.75,1.017405659189194
417022.0,413076.0,426234.0,424118.0,403950.0,396911.0,426795.0,419238.0,2016-03-31,414991.5,416844.5,20111.0,1.0506687897286797,-1853.0,0.9955546972552115
387216.0,419238.0,413076.0,426234.0,424118.0,417022.0,396911.0,426795.0,2016-06-30,406986.0,420666.5,-29806.0,0.9285265525559803,-13680.5,0.9674789887000748
399459.0,426795.0,419238.0,413076.0,426234.0,387216.0,417022.0,396911.0,2016-09-30,400152.0,421335.75,12243.0,1.031618011652411,-21183.75,0.9497224007219895
384658.0,396911.0,426795.0,419238.0,413076.0,399459.0,387216.0,417022.0,2016-12-31,397088.75,414005.0,-14801.0,0.9629473863400249,-16916.25,0.9591399862320503
391342.0,417022.0,396911.0,426795.0,419238.0,384658.0,399459.0,387216.0,2017-03-31,390668.75,414991.5,6684.0,1.0173764746866047,-24322.75,0.9413897634047926
404303.0,387216.0,417022.0,396911.0,426795.0,391342.0,384658.0,399459.0,2017-06-30,394940.5,406986.0,12961.0,1.0331193687362972,-12045.5,0.9704031588310164
410171.0,399459.0,387216.0,417022.0,396911.0,404303.0,391342.0,384658.0,2017-09-30,397618.5,400152.0,5868.0,1.0145138670749414,-2533.5,0.9936686559107539
