0_mths_prior,12_mths_prior,15_mths_prior,18_mths_prior,21_mths_prior,3_mths_prior,6_mths_prior,9_mths_prior,Date,past_year_1,past_year_2,qoq_diff,qoq_ratio,yoy_diff,yoy_ratio
7385.0,6722.0,6524.0,6306.0,6088.0,7219.0,7062.0,6900.0,1991-12-31,7141.5,6410.0,166.0,1.0229948746363762,731.5,1.1141185647425897
7556.0,6900.0,6722.0,6524.0,6306.0,7385.0,7219.0,7062.0,1992-03-31,7305.5,6613.0,171.0,1.0231550440081245,692.5,1.1047179797368818
7732.0,7062.0,6900.0,6722.0,6524.0,7556.0,7385.0,7219.0,1992-06-30,7473.0,6802.0,176.0,1.023292747485442,671.0,1.0986474566304028
7907.0,7219.0,7062.0,6900.0,6722.0,7732.0,7556.0,7385.0,1992-09-30,7645.0,6975.75,175.0,1.022633212622866,669.25,1.095939504712755
8075.0,7385.0,7219.0,7062.0,6900.0,7907.0,7732.0,7556.0,1992-12-31,7817.5,7141.5,168.0,1.0212469963323638,676.0,1.0946579850171532
8242.0,7556.0,7385.0,7219.0,7062.0,8075.0,7907.0,7732.0,1993-03-31,7989.0,7305.5,167.0,1.0206811145510837,683.5,1.0935596468414208
8412.0,7732.0,7556.0,7385.0,7219.0,8242.0,8075.0,7907.0,1993-06-30,8159.0,7473.0,170.0,1.0206260616355254,686.0,1.0917971363575538
8571.0,7907.0,7732.0,7556.0,7385.0,8412.0,8242.0,8075.0,1993-09-30,8325.0,7645.0,159.0,1.018901569186876,680.0,1.0889470241988228
8706.0,8075.0,7907.0,7732.0,7556.0,8571.0,8412.0,8242.0,1993-12-31,8482.75,7817.5,135.0,1.015750787539377,665.25,1.0850975375759513
8825.0,8242.0,8075.0,7907.0,7732.0,8706.0,8571.0,8412.0,1994-03-31,8628.5,7989.0,119.0,1.0136687342062944,639.5,1.0800475654024284
8935.0,8412.0,8242.0,8075.0,7907.0,8825.0,8706.0,8571.0,1994-06-30,8759.25,8159.0,110.0,1.0124645892351274,600.25,1.073569064836377
9020.0,8571.0,8412.0,8242.0,8075.0,8935.0,8825.0,8706.0,1994-09-30,8871.5,8325.0,85.0,1.0095131505316173,546.5,1.0656456456456456
9064.0,8706.0,8571.0,8412.0,8242.0,9020.0,8935.0,8825.0,1994-12-31,8961.0,8482.75,44.0,1.0048780487804878,478.25,1.0563791223365064
9062.0,8825.0,8706.0,8571.0,8412.0,9064.0,9020.0,8935.0,1995-03-31,9020.25,8628.5,-2.0,0.9997793468667255,391.75,1.045401865909486
9005.0,8935.0,8825.0,8706.0,8571.0,9062.0,9064.0,9020.0,1995-06-30,9037.75,8759.25,-57.0,0.9937099977929816,278.5,1.0317949596141223
8937.0,9020.0,8935.0,8825.0,8706.0,9005.0,9062.0,9064.0,1995-09-30,9017.0,8871.5,-68.0,0.9924486396446419,145.5,1.0164008341317703
8889.0,9064.0,9020.0,8935.0,8825.0,8937.0,9005.0,9062.0,1995-12-31,8973.25,8961.0,-48.0,0.994629070157771,12.25,1.0013670349291375
8920.0,9062.0,9064.0,9020.0,8935.0,8889.0,8937.0,9005.0,1996-03-31,8937.75,9020.25,31.0,1.0034874564067948,-82.5,0.9908539120312629
8950.0,9005.0,9062.0,9064.0,9020.0,8920.0,8889.0,8937.0,1996-06-30,8924.0,9037.75,30.0,1.0033632286995515,-113.75,0.9874139027966031
8958.0,8937.0,9005.0,9062.0,9064.0,8950.0,8920.0,8889.0,1996-09-30,8929.25,9017.0,8.0,1.0008938547486033,-87.75,0.9902683819452146
9219.0,8889.0,8937.0,9005.0,9062.0,8958.0,8950.0,8920.0,1996-12-31,9011.75,8973.25,261.0,1.0291359678499665,38.5,1.0042905301869445
9313.0,8920.0,8889.0,8937.0,9005.0,9219.0,8958.0,8950.0,1997-03-31,9110.0,8937.75,94.0,1.0101963336587483,172.25,1.0192721881905402
9313.0,8950.0,8920.0,8889.0,8937.0,9313.0,9219.0,8958.0,1997-06-30,9200.75,8924.0,0.0,1.0,276.75,1.0310118780815778
9316.0,8958.0,8950.0,8920.0,8889.0,9313.0,9313.0,9219.0,1997-09-30,9290.25,8929.25,3.0,1.000322130355417,361.0,1.0404289274015175
9087.0,9219.0,8958.0,8950.0,8920.0,9316.0,9313.0,9313.0,1997-12-31,9257.25,9011.75,-229.0,0.9754186346071275,245.5,1.0272422115571338
9131.0,9313.0,9219.0,8958.0,8950.0,9087.0,9316.0,9313.0,1998-03-31,9211.75,9110.0,44.0,1.004842082095301,101.75,1.0111690450054884
9229.0,9313.0,9313.0,9219.0,8958.0,9131.0,9087.0,9316.0,1998-06-30,9190.75,9200.75,98.0,1.0107326689300187,-10.0,0.9989131320816238
8877.0,9316.0,9313.0,9313.0,9219.0,9229.0,9131.0,9087.0,1998-09-30,9081.0,9290.25,-352.0,0.9618593563766389,-209.25,0.9774763865342698
8860.0,9087.0,9316.0,9313.0,9313.0,8877.0,9229.0,9131.0,1998-12-31,9024.25,9257.25,-17.0,0.9980849386053847,-233.0,0.9748305382267952
8967.0,9131.0,9087.0,9316.0,9313.0,8860.0,8877.0,9229.0,1999-03-31,8983.25,9211.75,107.0,1.012076749435666,-228.5,0.9751947241295085
9061.0,9229.0,9131.0,9087.0,9316.0,8967.0,8860.0,8877.0,1999-06-30,8941.25,9190.75,94.0,1.010482881677261,-249.5,0.9728531403857139
9329.0,8877.0,9229.0,9131.0,9087.0,9061.0,8967.0,8860.0,1999-09-30,9054.25,9081.0,268.0,1.029577309347754,-26.75,0.997054289175201
9387.0,8860.0,8877.0,9229.0,9131.0,9329.0,9061.0,8967.0,1999-12-31,9186.0,9024.25,58.0,1.0062171722585487,161.75,1.017923927196166
9518.0,8967.0,8860.0,8877.0,9229.0,9387.0,9329.0,9061.0,2000-03-31,9323.75,8983.25,131.0,1.0139554703313092,340.5,1.0379038766593383
9548.0,9061.0,8967.0,8860.0,8877.0,9518.0,9387.0,9329.0,2000-06-30,9445.5,8941.25,30.0,1.0031519226728305,504.25,1.0563959177967286
9623.0,9329.0,9061.0,8967.0,8860.0,9548.0,9518.0,9387.0,2000-09-30,9519.0,9054.25,75.0,1.0078550481776287,464.75,1.0513294861529117
9570.0,9387.0,9329.0,9061.0,8967.0,9623.0,9548.0,9518.0,2000-12-31,9564.75,9186.0,-53.0,0.994492362049257,378.75,1.041231221423906
9484.0,9518.0,9387.0,9329.0,9061.0,9570.0,9623.0,9548.0,2001-03-31,9556.25,9323.75,-86.0,0.9910135841170324,232.5,1.0249363185413594
9397.0,9548.0,9518.0,9387.0,9329.0,9484.0,9570.0,9623.0,2001-06-30,9518.5,9445.5,-87.0,0.9908266554196542,73.0,1.0077285479858133
9311.0,9623.0,9548.0,9518.0,9387.0,9397.0,9484.0,9570.0,2001-09-30,9440.5,9519.0,-86.0,0.9908481430243695,-78.5,0.9917533354343944
9225.0,9570.0,9623.0,9548.0,9518.0,9311.0,9397.0,9484.0,2001-12-31,9354.25,9564.75,-86.0,0.990763612930942,-210.5,0.9779921064324734
9225.0,9484.0,9570.0,9623.0,9548.0,9225.0,9311.0,9397.0,2002-03-31,9289.5,9556.25,0.0,1.0,-266.75,0.9720863309352518
9424.0,9397.0,9484.0,9570.0,9623.0,9225.0,9225.0,9311.0,2002-06-30,9296.25,9518.5,199.0,1.0215718157181573,-222.25,0.9766507327835268
9522.0,9311.0,9397.0,9484.0,9570.0,9424.0,9225.0,9225.0,2002-09-30,9349.0,9440.5,98.0,1.0103989813242784,-91.5,0.9903077167522907
9431.0,9225.0,9311.0,9397.0,9484.0,9522.0,9424.0,9225.0,2002-12-31,9400.5,9354.25,-91.0,0.990443184204999,46.25,1.0049442766656866
9329.0,9225.0,9225.0,9311.0,9397.0,9431.0,9522.0,9424.0,2003-03-31,9426.5,9289.5,-102.0,0.9891846039656452,137.0,1.0147478335755422
9245.0,9424.0,9225.0,9225.0,9311.0,9329.0,9431.0,9522.0,2003-06-30,9381.75,9296.25,-84.0,0.9909958194876193,85.5,1.009197256958451
9220.0,9522.0,9424.0,9225.0,9225.0,9245.0,9329.0,9431.0,2003-09-30,9306.25,9349.0,-25.0,0.9972958355868037,-42.75,0.9954273184297786
9162.0,9431.0,9522.0,9424.0,9225.0,9220.0,9245.0,9329.0,2003-12-31,9239.0,9400.5,-58.0,0.9937093275488069,-161.5,0.982820062762619
9297.0,9329.0,9431.0,9522.0,9424.0,9162.0,9220.0,9245.0,2004-03-31,9231.0,9426.5,135.0,1.0147347740667976,-195.5,0.9792605951307484
9318.0,9245.0,9329.0,9431.0,9522.0,9297.0,9162.0,9220.0,2004-06-30,9249.25,9381.75,21.0,1.0022587931590836,-132.5,0.9858768353452181
9313.0,9220.0,9245.0,9329.0,9431.0,9318.0,9297.0,9162.0,2004-09-30,9272.5,9306.25,-5.0,0.9994634041639837,-33.75,0.9963734049697783
9211.0,9162.0,9220.0,9245.0,9329.0,9313.0,9318.0,9297.0,2004-12-31,9284.75,9239.0,-102.0,0.9890475679158166,45.75,1.0049518346141357
9157.0,9297.0,9162.0,9220.0,9245.0,9211.0,9313.0,9318.0,2005-03-31,9249.75,9231.0,-54.0,0.9941374443600044,18.75,1.0020311992200195
9172.0,9318.0,9297.0,9162.0,9220.0,9157.0,9211.0,9313.0,2005-06-30,9213.25,9249.25,15.0,1.001638091077864,-36.0,0.9961077925237182
9178.0,9313.0,9318.0,9297.0,9162.0,9172.0,9157.0,9211.0,2005-09-30,9179.5,9272.5,6.0,1.0006541648495422,-93.0,0.9899703424103532
9192.0,9211.0,9313.0,9318.0,9297.0,9178.0,9172.0,9157.0,2005-12-31,9174.75,9284.75,14.0,1.0015253867945086,-110.0,0.9881526158485688
9225.0,9157.0,9211.0,9313.0,9318.0,9192.0,9178.0,9172.0,2006-03-31,9191.75,9249.75,33.0,1.0035900783289817,-58.0,0.9937295602583853
9376.0,9172.0,9157.0,9211.0,9313.0,9225.0,9192.0,9178.0,2006-06-30,9242.75,9213.25,151.0,1.0163685636856368,29.5,1.0032019102922423
9379.0,9178.0,9172.0,9157.0,9211.0,9376.0,9225.0,9192.0,2006-09-30,9293.0,9179.5,3.0,1.0003199658703072,113.5,1.012364507870799
9579.0,9192.0,9178.0,9172.0,9157.0,9379.0,9376.0,9225.0,2006-12-31,9389.75,9174.75,200.0,1.0213242349930696,215.0,1.0234338810321808
9666.0,9225.0,9192.0,9178.0,9172.0,9579.0,9379.0,9376.0,2007-03-31,9500.0,9191.75,87.0,1.0090823676792984,308.25,1.0335355073843393
9742.0,9376.0,9225.0,9192.0,9178.0,9666.0,9579.0,9379.0,2007-06-30,9591.5,9242.75,76.0,1.0078626112145666,348.75,1.0377322766492656
9986.0,9379.0,9376.0,9225.0,9192.0,9742.0,9666.0,9579.0,2007-09-30,9743.25,9293.0,244.0,1.0250461917470746,450.25,1.0484504465726892
10072.0,9579.0,9379.0,9376.0,9225.0,9986.0,9742.0,9666.0,2007-12-31,9866.5,9389.75,86.0,1.0086120568796315,476.75,1.0507734497723582
10102.0,9666.0,9579.0,9379.0,9376.0,10072.0,9986.0,9742.0,2008-03-31,9975.5,9500.0,30.0,1.0029785544082606,475.5,1.0500526315789473
10076.0,9742.0,9666.0,9579.0,9379.0,10102.0,10072.0,9986.0,2008-06-30,10059.0,9591.5,-26.0,0.9974262522272818,467.5,1.0487410728248971
10076.0,9986.0,9742.0,9666.0,9579.0,10076.0,10102.0,10072.0,2008-09-30,10081.5,9743.25,0.0,1.0,338.25,1.0347163420829806
10315.0,10072.0,9986.0,9742.0,9666.0,10076.0,10076.0,10102.0,2008-12-31,10142.25,9866.5,239.0,1.0237197300516079,275.75,1.027948107231541
10221.0,10102.0,10072.0,9986.0,9742.0,10315.0,10076.0,10076.0,2009-03-31,10172.0,9975.5,-94.0,0.9908870576829859,196.5,1.01969826073881
10224.0,10076.0,10102.0,10072.0,9986.0,10221.0,10315.0,10076.0,2009-06-30,10209.0,10059.0,3.0,1.0002935133548576,150.0,1.0149120190873844
10160.0,10076.0,10076.0,10102.0,10072.0,10224.0,10221.0,10315.0,2009-09-30,10230.0,10081.5,-64.0,0.9937402190923318,148.5,1.0147299509001637
10085.0,10315.0,10076.0,10076.0,10102.0,10160.0,10224.0,10221.0,2009-12-31,10172.5,10142.25,-75.0,0.9926181102362205,30.25,1.0029825729004904
9807.0,10221.0,10315.0,10076.0,10076.0,10085.0,10160.0,10224.0,2010-03-31,10069.0,10172.0,-278.0,0.9724343083787804,-103.0,0.9898741643727881
9785.0,10224.0,10221.0,10315.0,10076.0,9807.0,10085.0,10160.0,2010-06-30,9959.25,10209.0,-22.0,0.99775670439482,-249.75,0.9755362915074934
9693.0,10160.0,10224.0,10221.0,10315.0,9785.0,9807.0,10085.0,2010-09-30,9842.5,10230.0,-92.0,0.9905978538579459,-387.5,0.9621212121212122
9599.0,10085.0,10160.0,10224.0,10221.0,9693.0,9785.0,9807.0,2010-12-31,9721.0,10172.5,-94.0,0.9903022799958733,-451.5,0.9556156303760137
9748.0,9807.0,10085.0,10160.0,10224.0,9599.0,9693.0,9785.0,2011-03-31,9706.25,10069.0,149.0,1.015522450255235,-362.75,0.9639735822822525
9739.0,9785.0,9807.0,10085.0,10160.0,9748.0,9599.0,9693.0,2011-06-30,9694.75,9959.25,-9.0,0.9990767336889619,-264.5,0.9734417752340788
9687.0,9693.0,9785.0,9807.0,10085.0,9739.0,9748.0,9599.0,2011-09-30,9693.25,9842.5,-52.0,0.9946606427764657,-149.25,0.9848361696723393
10207.0,9599.0,9693.0,9785.0,9807.0,9687.0,9739.0,9748.0,2011-12-31,9845.25,9721.0,520.0,1.0536801899452874,124.25,1.012781606830573
10200.0,9748.0,9599.0,9693.0,9785.0,10207.0,9687.0,9739.0,2012-03-31,9958.25,9706.25,-7.0,0.999314196139904,252.0,1.0259626529298134
10145.0,9739.0,9748.0,9599.0,9693.0,10200.0,10207.0,9687.0,2012-06-30,10059.75,9694.75,-55.0,0.9946078431372549,365.0,1.037649243147064
10054.0,9687.0,9739.0,9748.0,9599.0,10145.0,10200.0,10207.0,2012-09-30,10151.5,9693.25,-91.0,0.9910300640709709,458.25,1.0472751657080959
10235.0,10207.0,9687.0,9739.0,9748.0,10054.0,10145.0,10200.0,2012-12-31,10158.5,9845.25,181.0,1.0180027849612094,313.25,1.031817373860491
10187.0,10200.0,10207.0,9687.0,9739.0,10235.0,10054.0,10145.0,2013-03-31,10155.25,9958.25,-48.0,0.9953102100635076,197.0,1.0197825923229482
10243.0,10145.0,10200.0,10207.0,9687.0,10187.0,10235.0,10054.0,2013-06-30,10179.75,10059.75,56.0,1.0054972023166782,120.0,1.0119287258629688
10171.0,10054.0,10145.0,10200.0,10207.0,10243.0,10187.0,10235.0,2013-09-30,10209.0,10151.5,-72.0,0.9929708093332031,57.5,1.0056641875584889
9818.0,10235.0,10054.0,10145.0,10200.0,10171.0,10243.0,10187.0,2013-12-31,10104.75,10158.5,-353.0,0.9652934814669157,-53.75,0.9947088644977112
9835.0,10187.0,10235.0,10054.0,10145.0,9818.0,10171.0,10243.0,2014-03-31,10016.75,10155.25,17.0,1.0017315135465472,-138.5,0.9863617340784323
9833.0,10243.0,10187.0,10235.0,10054.0,9835.0,9818.0,10171.0,2014-06-30,9914.25,10179.75,-2.0,0.9997966446365023,-265.5,0.9739188094010167
9865.0,10171.0,10243.0,10187.0,10235.0,9833.0,9835.0,9818.0,2014-09-30,9837.75,10209.0,32.0,1.0032543476050035,-371.25,0.9636350279165442
10049.0,9818.0,10171.0,10243.0,10187.0,9865.0,9833.0,9835.0,2014-12-31,9895.5,10104.75,184.0,1.0186517992904207,-209.25,0.9792919171676687
10117.0,9835.0,9818.0,10171.0,10243.0,10049.0,9865.0,9833.0,2015-03-31,9966.0,10016.75,68.0,1.0067668424718879,-50.75,0.9949334864102628
10274.0,9833.0,9835.0,9818.0,10171.0,10117.0,10049.0,9865.0,2015-06-30,10076.25,9914.25,157.0,1.0155184343184738,162.0,1.0163401164989787
10427.0,9865.0,9833.0,9835.0,9818.0,10274.0,10117.0,10049.0,2015-09-30,10216.75,9837.75,153.0,1.014891960288106,379.0,1.038525069248558
11569.0,10049.0,9865.0,9833.0,9835.0,10427.0,10274.0,10117.0,2015-12-31,10596.75,9895.5,1142.0,1.1095233528339887,701.25,1.0708655449446718
11567.0,10117.0,10049.0,9865.0,9833.0,11569.0,10427.0,10274.0,2016-03-31,10959.25,9966.0,-2.0,0.9998271242112542,993.25,1.0996638571141883
11919.0,10274.0,10117.0,10049.0,9865.0,11567.0,11569.0,10427.0,2016-06-30,11370.5,10076.25,352.0,1.0304313996714791,1294.25,1.1284456022825953
12053.0,10427.0,10274.0,10117.0,10049.0,11919.0,11567.0,11569.0,2016-09-30,11777.0,10216.75,134.0,1.011242553905529,1560.25,1.1527149044461302
12143.0,11569.0,10427.0,10274.0,10117.0,12053.0,11919.0,11567.0,2016-12-31,11920.5,10596.75,90.0,1.0074670206587573,1323.75,1.12492037653054
11979.0,11567.0,11569.0,10427.0,10274.0,12143.0,12053.0,11919.0,2017-03-31,12023.5,10959.25,-164.0,0.9864942765379231,1064.25,1.0971097474735954
12248.0,11919.0,11567.0,11569.0,10427.0,11979.0,12143.0,12053.0,2017-06-30,12105.75,11370.5,269.0,1.0224559646047249,735.25,1.0646629435820765
12273.0,12053.0,11919.0,11567.0,11569.0,12248.0,11979.0,12143.0,2017-09-30,12160.75,11777.0,25.0,1.0020411495754409,383.75,1.032584698989556
