0_mths_prior,12_mths_prior,15_mths_prior,18_mths_prior,21_mths_prior,3_mths_prior,6_mths_prior,9_mths_prior,Date,past_year_1,past_year_2,qoq_diff,qoq_ratio,yoy_diff,yoy_ratio
5890.0,2420.0,9769.0,15717.0,11227.0,13751.0,14188.0,14110.0,1991-12-31,11984.75,9783.25,-7861.0,0.4283324849101883,2201.5,1.2250274704213835
19617.0,14110.0,2420.0,9769.0,15717.0,5890.0,13751.0,14188.0,1992-03-31,13361.5,10504.0,13727.0,3.330560271646859,2857.5,1.2720392231530846
16279.0,14188.0,14110.0,2420.0,9769.0,19617.0,5890.0,13751.0,1992-06-30,13884.25,10121.75,-3338.0,0.829841464036295,3762.5,1.3717242571689678
13582.0,13751.0,14188.0,14110.0,2420.0,16279.0,19617.0,5890.0,1992-09-30,13842.0,11117.25,-2697.0,0.8343264328275692,2724.75,1.2450920866221413
13958.0,5890.0,13751.0,14188.0,14110.0,13582.0,16279.0,19617.0,1992-12-31,15859.0,11984.75,376.0,1.0276836990134002,3874.25,1.3232649825820313
12908.0,19617.0,5890.0,13751.0,14188.0,13958.0,13582.0,16279.0,1993-03-31,14181.75,13361.5,-1050.0,0.9247743229689067,820.25,1.0613890655989222
19605.0,16279.0,19617.0,5890.0,13751.0,12908.0,13958.0,13582.0,1993-06-30,15013.25,13884.25,6697.0,1.5188255345522157,1129.0,1.081315159263194
20988.0,13582.0,16279.0,19617.0,5890.0,19605.0,12908.0,13958.0,1993-09-30,16864.75,13842.0,1383.0,1.0705432287681713,3022.75,1.21837523479266
25787.0,13958.0,13582.0,16279.0,19617.0,20988.0,19605.0,12908.0,1993-12-31,19822.0,15859.0,4799.0,1.228654469220507,3963.0,1.2498896525632133
34667.0,12908.0,13958.0,13582.0,16279.0,25787.0,20988.0,19605.0,1994-03-31,25261.75,14181.75,8880.0,1.3443595610191181,11080.0,1.781285807463818
37001.0,19605.0,12908.0,13958.0,13582.0,34667.0,25787.0,20988.0,1994-06-30,29610.75,15013.25,2334.0,1.0673262757088875,14597.5,1.9723077947812766
42184.0,20988.0,19605.0,12908.0,13958.0,37001.0,34667.0,25787.0,1994-09-30,34909.75,16864.75,5183.0,1.1400772952082376,18045.0,2.069983249084629
43989.0,25787.0,20988.0,19605.0,12908.0,42184.0,37001.0,34667.0,1994-12-31,39460.25,19822.0,1805.0,1.0427887350654277,19638.25,1.9907299969730603
35434.0,34667.0,25787.0,20988.0,19605.0,43989.0,42184.0,37001.0,1995-03-31,39652.0,25261.75,-8555.0,0.8055195617086089,14390.25,1.5696458083861966
37196.0,37001.0,34667.0,25787.0,20988.0,35434.0,43989.0,42184.0,1995-06-30,39700.75,29610.75,1762.0,1.0497262516227353,10090.0,1.3407546245873543
40887.0,42184.0,37001.0,34667.0,25787.0,37196.0,35434.0,43989.0,1995-09-30,39376.5,34909.75,3691.0,1.0992311001182924,4466.75,1.1279513602933278
39432.0,43989.0,42184.0,37001.0,34667.0,40887.0,37196.0,35434.0,1995-12-31,38237.25,39460.25,-1455.0,0.9644141169564898,-1223.0,0.9690067853092669
48517.0,35434.0,43989.0,42184.0,37001.0,39432.0,40887.0,37196.0,1996-03-31,41508.0,39652.0,9085.0,1.2303966321769122,1856.0,1.0468072228386966
49713.0,37196.0,35434.0,43989.0,42184.0,48517.0,39432.0,40887.0,1996-06-30,44637.25,39700.75,1196.0,1.0246511532040317,4936.5,1.124342739117019
47965.0,40887.0,37196.0,35434.0,43989.0,49713.0,48517.0,39432.0,1996-09-30,46406.75,39376.5,-1748.0,0.9648381711021262,7030.25,1.178539230251546
47006.0,39432.0,40887.0,37196.0,35434.0,47965.0,49713.0,48517.0,1996-12-31,48300.25,38237.25,-959.0,0.9800062545606171,10063.0,1.2631726915507784
52805.0,48517.0,39432.0,40887.0,37196.0,47006.0,47965.0,49713.0,1997-03-31,49372.25,41508.0,5799.0,1.1233672297153554,7864.25,1.1894634769201118
53293.0,49713.0,48517.0,39432.0,40887.0,52805.0,47006.0,47965.0,1997-06-30,50267.25,44637.25,488.0,1.0092415490957296,5630.0,1.126127841656912
59396.0,47965.0,49713.0,48517.0,39432.0,53293.0,52805.0,47006.0,1997-09-30,53125.0,46406.75,6103.0,1.1145178541271836,6718.25,1.144768810571738
55565.0,47006.0,47965.0,49713.0,48517.0,59396.0,53293.0,52805.0,1997-12-31,55264.75,48300.25,-3831.0,0.9355007071183244,6964.5,1.144191800249481
33914.0,52805.0,47006.0,47965.0,49713.0,55565.0,59396.0,53293.0,1998-03-31,50542.0,49372.25,-21651.0,0.6103482407990641,1169.75,1.0236924588204912
36100.0,53293.0,52805.0,47006.0,47965.0,33914.0,55565.0,59396.0,1998-06-30,46243.75,50267.25,2186.0,1.064457156336616,-4023.5,0.9199578254231134
46429.0,59396.0,53293.0,52805.0,47006.0,36100.0,33914.0,55565.0,1998-09-30,43002.0,53125.0,10329.0,1.2861218836565096,-10123.0,0.8094494117647059
40633.0,55565.0,59396.0,53293.0,52805.0,46429.0,36100.0,33914.0,1998-12-31,39269.0,55264.75,-5796.0,0.8751642292532684,-15995.75,0.7105614338253589
37558.0,33914.0,55565.0,59396.0,53293.0,40633.0,46429.0,36100.0,1999-03-31,40180.0,50542.0,-3075.0,0.9243225949351512,-10362.0,0.7949823908828301
37479.0,36100.0,33914.0,55565.0,59396.0,37558.0,40633.0,46429.0,1999-06-30,40524.75,46243.75,-79.0,0.9978965866127056,-5719.0,0.8763292336802271
40738.0,46429.0,36100.0,33914.0,55565.0,37479.0,37558.0,40633.0,1999-09-30,39102.0,43002.0,3259.0,1.0869553616692014,-3900.0,0.90930654388168
27634.0,40633.0,46429.0,36100.0,33914.0,40738.0,37479.0,37558.0,1999-12-31,35852.25,39269.0,-13104.0,0.6783347243360008,-3416.75,0.9129911635132038
9927.0,37558.0,40633.0,46429.0,36100.0,27634.0,40738.0,37479.0,2000-03-31,28944.5,40180.0,-17707.0,0.35923138163132373,-11235.5,0.720370831259333
7269.0,37479.0,37558.0,40633.0,46429.0,9927.0,27634.0,40738.0,2000-06-30,21392.0,40524.75,-2658.0,0.7322453913569054,-19132.75,0.5278749406227059
5917.0,40738.0,37479.0,37558.0,40633.0,7269.0,9927.0,27634.0,2000-09-30,12686.75,39102.0,-1352.0,0.8140046773971661,-26415.25,0.32445271341619353
2801.0,27634.0,40738.0,37479.0,37558.0,5917.0,7269.0,9927.0,2000-12-31,6478.5,35852.25,-3116.0,0.47338178130809533,-29373.75,0.18069995606970274
-20987.0,9927.0,27634.0,40738.0,37479.0,2801.0,5917.0,7269.0,2001-03-31,-1250.0,28944.5,-23788.0,-7.492681185290968,-30194.5,-0.04318609753148266
11637.0,7269.0,9927.0,27634.0,40738.0,-20987.0,2801.0,5917.0,2001-06-30,-158.0,21392.0,32624.0,-0.5544861104493257,-21550.0,-0.007385938668661182
13370.0,5917.0,7269.0,9927.0,27634.0,11637.0,-20987.0,2801.0,2001-09-30,1705.25,12686.75,1733.0,1.148921543353098,-10981.5,0.13441188641693105
-6535.0,2801.0,5917.0,7269.0,9927.0,13370.0,11637.0,-20987.0,2001-12-31,-628.75,6478.5,-19905.0,-0.4887808526551982,-7107.25,-0.0970517866790152
27071.0,-20987.0,2801.0,5917.0,7269.0,-6535.0,13370.0,11637.0,2002-03-31,11385.75,-1250.0,33606.0,-4.142463657230298,12635.75,-9.1086
23023.0,11637.0,-20987.0,2801.0,5917.0,27071.0,-6535.0,13370.0,2002-06-30,14232.25,-158.0,-4048.0,0.8504672897196262,14390.25,-90.07753164556962
27170.0,13370.0,11637.0,-20987.0,2801.0,23023.0,27071.0,-6535.0,2002-09-30,17682.25,1705.25,4147.0,1.1801242236024845,15977.0,10.369300689048526
20760.0,-6535.0,13370.0,11637.0,-20987.0,27170.0,23023.0,27071.0,2002-12-31,24506.0,-628.75,-6410.0,0.764078027235922,25134.75,-38.97574552683896
49524.0,27071.0,-6535.0,13370.0,11637.0,20760.0,27170.0,23023.0,2003-03-31,30119.25,11385.75,28764.0,2.3855491329479768,18733.5,2.645346156379685
17269.0,23023.0,27071.0,-6535.0,13370.0,49524.0,20760.0,27170.0,2003-06-30,28680.75,14232.25,-32255.0,0.34869962038607544,14448.5,2.0151943649106783
37646.0,27170.0,23023.0,27071.0,-6535.0,17269.0,49524.0,20760.0,2003-09-30,31299.75,17682.25,20377.0,2.1799756789623026,13617.5,1.7701225805539453
27860.0,20760.0,27170.0,23023.0,27071.0,37646.0,17269.0,49524.0,2003-12-31,33074.75,24506.0,-9786.0,0.740052063964299,8568.75,1.3496592671182568
37230.0,49524.0,20760.0,27170.0,23023.0,27860.0,37646.0,17269.0,2004-03-31,30001.25,30119.25,9370.0,1.33632447954056,-118.0,0.9960822397636063
54640.0,17269.0,49524.0,20760.0,27170.0,37230.0,27860.0,37646.0,2004-06-30,39344.0,28680.75,17410.0,1.4676336287939833,10663.25,1.3717911839822878
56825.0,37646.0,17269.0,49524.0,20760.0,54640.0,37230.0,27860.0,2004-09-30,44138.75,31299.75,2185.0,1.039989019033675,12839.0,1.4101949696083835
16298.0,27860.0,37646.0,17269.0,49524.0,56825.0,54640.0,37230.0,2004-12-31,41248.25,33074.75,-40527.0,0.2868103827540695,8173.5,1.2471220492974249
57676.0,37230.0,27860.0,37646.0,17269.0,16298.0,56825.0,54640.0,2005-03-31,46359.75,30001.25,41378.0,3.5388391213645845,16358.5,1.5452606141410774
102959.0,54640.0,37230.0,27860.0,37646.0,57676.0,16298.0,56825.0,2005-06-30,58439.5,39344.0,45283.0,1.7851272626395729,19095.5,1.4853471939812932
162134.0,56825.0,54640.0,37230.0,27860.0,102959.0,57676.0,16298.0,2005-09-30,84766.75,44138.75,59175.0,1.5747433444380774,40628.0,1.920461046132933
235150.0,16298.0,56825.0,54640.0,37230.0,162134.0,102959.0,57676.0,2005-12-31,139479.75,41248.25,73016.0,1.4503435429953002,98231.5,3.381470729061233
67654.0,57676.0,16298.0,56825.0,54640.0,235150.0,162134.0,102959.0,2006-03-31,141974.25,46359.75,-167496.0,0.2877057197533489,95614.5,3.062446410949153
65002.0,102959.0,57676.0,16298.0,56825.0,67654.0,235150.0,162134.0,2006-06-30,132485.0,58439.5,-2652.0,0.9608005439441866,74045.5,2.267045405932631
56674.0,162134.0,102959.0,57676.0,16298.0,65002.0,67654.0,235150.0,2006-09-30,106120.0,84766.75,-8328.0,0.8718808652041475,21353.25,1.251905965487647
7636.0,235150.0,162134.0,102959.0,57676.0,56674.0,65002.0,67654.0,2006-12-31,49241.5,139479.75,-49038.0,0.13473550481702368,-90238.25,0.3530369103758789
20690.0,67654.0,235150.0,162134.0,102959.0,7636.0,56674.0,65002.0,2007-03-31,37500.5,141974.25,13054.0,2.7095337873232057,-104473.75,0.26413592605701386
36232.0,65002.0,67654.0,235150.0,162134.0,20690.0,7636.0,56674.0,2007-06-30,30308.0,132485.0,15542.0,1.7511841469308844,-102177.0,0.2287655206249764
2359.0,56674.0,65002.0,67654.0,235150.0,36232.0,20690.0,7636.0,2007-09-30,16729.25,106120.0,-33873.0,0.0651081916537867,-89390.75,0.15764464756879004
7587.0,7636.0,56674.0,65002.0,67654.0,2359.0,36232.0,20690.0,2007-12-31,16717.0,49241.5,5228.0,3.216193302246715,-32524.5,0.33949006427505257
694.0,20690.0,7636.0,56674.0,65002.0,7587.0,2359.0,36232.0,2008-03-31,11718.0,37500.5,-6893.0,0.09147225517332279,-25782.5,0.31247583365555126
-7257.0,36232.0,20690.0,7636.0,56674.0,694.0,7587.0,2359.0,2008-06-30,845.75,30308.0,-7951.0,-10.456772334293948,-29462.25,0.027905173551537547
16653.0,2359.0,36232.0,20690.0,7636.0,-7257.0,694.0,7587.0,2008-09-30,4419.25,16729.25,23910.0,-2.294749896651509,-12310.0,0.2641630676808584
20655.0,7587.0,2359.0,36232.0,20690.0,16653.0,-7257.0,694.0,2008-12-31,7686.25,16717.0,4002.0,1.240317059989191,-9030.75,0.4597864449362924
-468.0,694.0,7587.0,2359.0,36232.0,20655.0,16653.0,-7257.0,2009-03-31,7395.75,11718.0,-21123.0,-0.022657952069716776,-4322.25,0.6311443932411674
11407.0,-7257.0,694.0,7587.0,2359.0,-468.0,20655.0,16653.0,2009-06-30,12061.75,845.75,11875.0,-24.373931623931625,11216.0,14.261602128288501
41377.0,16653.0,-7257.0,694.0,7587.0,11407.0,-468.0,20655.0,2009-09-30,18242.75,4419.25,29970.0,3.6273340931007274,13823.5,4.128019460315665
52674.0,20655.0,16653.0,-7257.0,694.0,41377.0,11407.0,-468.0,2009-12-31,26247.5,7686.25,11297.0,1.2730260772893154,18561.25,3.41486420556188
57449.0,-468.0,20655.0,16653.0,-7257.0,52674.0,41377.0,11407.0,2010-03-31,40726.75,7395.75,4775.0,1.0906519345407601,33331.0,5.506777541155393
74263.0,11407.0,-468.0,20655.0,16653.0,57449.0,52674.0,41377.0,2010-06-30,56440.75,12061.75,16814.0,1.2926769830632387,44379.0,4.679316848715982
84550.0,41377.0,11407.0,-468.0,20655.0,74263.0,57449.0,52674.0,2010-09-30,67234.0,18242.75,10287.0,1.1385212016751276,48991.25,3.685518904770388
75875.0,52674.0,41377.0,11407.0,-468.0,84550.0,74263.0,57449.0,2010-12-31,73034.25,26247.5,-8675.0,0.897397989355411,46786.75,2.782522144966187
51131.0,57449.0,52674.0,41377.0,11407.0,75875.0,84550.0,74263.0,2011-03-31,71454.75,40726.75,-24744.0,0.6738846787479407,30728.0,1.754491826625007
76060.0,74263.0,57449.0,52674.0,41377.0,51131.0,75875.0,84550.0,2011-06-30,71904.0,56440.75,24929.0,1.487551583188281,15463.25,1.2739731488330683
77146.0,84550.0,74263.0,57449.0,52674.0,76060.0,51131.0,75875.0,2011-09-30,70053.0,67234.0,1086.0,1.0142782014199316,2819.0,1.0419281910937919
83588.0,75875.0,84550.0,74263.0,57449.0,77146.0,76060.0,51131.0,2011-12-31,71981.25,73034.25,6442.0,1.0835040053923728,-1053.0,0.9855821070251286
85299.0,51131.0,75875.0,84550.0,74263.0,83588.0,77146.0,76060.0,2012-03-31,80523.25,71454.75,1711.0,1.0204694453749341,9068.5,1.1269124865736708
101028.0,76060.0,51131.0,75875.0,84550.0,85299.0,83588.0,77146.0,2012-06-30,86765.25,71904.0,15729.0,1.1843984102978933,14861.25,1.2066818257676903
81531.0,77146.0,76060.0,51131.0,75875.0,101028.0,85299.0,83588.0,2012-09-30,87861.5,70053.0,-19497.0,0.8070138971374272,17808.5,1.254214666038571
44460.0,83588.0,77146.0,76060.0,51131.0,81531.0,101028.0,85299.0,2012-12-31,78079.5,71981.25,-37071.0,0.545314052323656,6098.25,1.0847199791612399
90794.0,85299.0,83588.0,77146.0,76060.0,44460.0,81531.0,101028.0,2013-03-31,79453.25,80523.25,46334.0,2.0421502474134052,-1070.0,0.9867119123979721
95466.0,101028.0,85299.0,83588.0,77146.0,90794.0,44460.0,81531.0,2013-06-30,78062.75,86765.25,4672.0,1.0514571447452474,-8702.5,0.8997006289960554
45967.0,81531.0,101028.0,85299.0,83588.0,95466.0,90794.0,44460.0,2013-09-30,69171.75,87861.5,-49499.0,0.4815012674669516,-18689.75,0.7872816876561406
93122.0,44460.0,81531.0,101028.0,85299.0,45967.0,95466.0,90794.0,2013-12-31,81337.25,78079.5,47155.0,2.0258446276676745,3257.75,1.0417234997662639
47650.0,90794.0,44460.0,81531.0,101028.0,93122.0,45967.0,95466.0,2014-03-31,70551.25,79453.25,-45472.0,0.5116943364618457,-8902.0,0.8879592716471636
69999.0,95466.0,90794.0,44460.0,81531.0,47650.0,93122.0,45967.0,2014-06-30,64184.5,78062.75,22349.0,1.4690241343126968,-13878.25,0.8222167423002649
100113.0,45967.0,95466.0,90794.0,44460.0,69999.0,47650.0,93122.0,2014-09-30,77721.0,69171.75,30114.0,1.430206145802083,8549.25,1.1235945310043478
95135.0,93122.0,45967.0,95466.0,90794.0,100113.0,69999.0,47650.0,2014-12-31,78224.25,81337.25,-4978.0,0.9502761879076643,-3113.0,0.9617272528884367
69078.0,47650.0,93122.0,45967.0,95466.0,95135.0,100113.0,69999.0,2015-03-31,83581.25,70551.25,-26057.0,0.7261050086718873,13030.0,1.184688435711628
71464.0,69999.0,47650.0,93122.0,45967.0,69078.0,95135.0,100113.0,2015-06-30,83947.5,64184.5,2386.0,1.0345406641767279,19763.0,1.307909230421675
80168.0,100113.0,69999.0,47650.0,93122.0,71464.0,69078.0,95135.0,2015-09-30,78961.25,77721.0,8704.0,1.1217955893876637,1240.25,1.0159577205645836
60238.0,95135.0,100113.0,69999.0,47650.0,80168.0,71464.0,69078.0,2015-12-31,70237.0,78224.25,-19930.0,0.7513970661610617,-7987.25,0.8978929168384484
71099.0,69078.0,95135.0,100113.0,69999.0,60238.0,80168.0,71464.0,2016-03-31,70742.25,83581.25,10861.0,1.180301470832365,-12839.0,0.846388992746579
38118.0,71464.0,69078.0,95135.0,100113.0,71099.0,60238.0,80168.0,2016-06-30,62405.75,83947.5,-32981.0,0.5361256839055402,-21541.75,0.7433902141219214
48656.0,80168.0,71464.0,69078.0,95135.0,38118.0,71099.0,60238.0,2016-09-30,54527.75,78961.25,10538.0,1.27645731675324,-24433.5,0.6905634092672038
26052.0,60238.0,80168.0,71464.0,69078.0,48656.0,38118.0,71099.0,2016-12-31,45981.25,70237.0,-22604.0,0.5354324235448865,-24255.75,0.6546585133191908
36653.0,71099.0,60238.0,80168.0,71464.0,26052.0,48656.0,38118.0,2017-03-31,37369.75,70742.25,10601.0,1.406916935360049,-33372.5,0.5282522113729773
37338.0,38118.0,71099.0,60238.0,80168.0,36653.0,26052.0,48656.0,2017-06-30,37174.75,62405.75,685.0,1.0186887840013097,-25231.0,0.5956943070149786
48509.0,48656.0,38118.0,71099.0,60238.0,37338.0,36653.0,26052.0,2017-09-30,37138.0,54527.75,11171.0,1.2991858160587069,-17389.75,0.6810844019788089
