0_mths_prior,12_mths_prior,15_mths_prior,18_mths_prior,21_mths_prior,3_mths_prior,6_mths_prior,9_mths_prior,Date,past_year_1,past_year_2,qoq_diff,qoq_ratio,yoy_diff,yoy_ratio
12048.0,14311.0,9698.0,10219.0,10771.0,9628.0,11438.0,12841.0,1991-12-31,11488.75,11249.75,2420.0,1.2513502285002078,239.0,1.0212449165537012
10301.0,12841.0,14311.0,9698.0,10219.0,12048.0,9628.0,11438.0,1992-03-31,10853.75,11767.25,-1747.0,0.8549966799468791,-913.5,0.9223692876415475
10178.0,11438.0,12841.0,14311.0,9698.0,10301.0,12048.0,9628.0,1992-06-30,10538.75,12072.0,-123.0,0.9880594117076013,-1533.25,0.8729912193505633
9098.0,9628.0,11438.0,12841.0,14311.0,10178.0,10301.0,12048.0,1992-09-30,10406.25,12054.5,-1080.0,0.8938887797209668,-1648.25,0.863266829814592
9945.0,12048.0,9628.0,11438.0,12841.0,9098.0,10178.0,10301.0,1992-12-31,9880.5,11488.75,847.0,1.0930973840404485,-1608.25,0.86001523229246
14327.0,10301.0,12048.0,9628.0,11438.0,9945.0,9098.0,10178.0,1993-03-31,10887.0,10853.75,4382.0,1.440623428858723,33.25,1.0030634573304158
11249.0,10178.0,10301.0,12048.0,9628.0,14327.0,9945.0,9098.0,1993-06-30,11154.75,10538.75,-3078.0,0.7851608850422279,616.0,1.058450954809631
12276.0,9098.0,10178.0,10301.0,12048.0,11249.0,14327.0,9945.0,1993-09-30,11949.25,10406.25,1027.0,1.0912970041781491,1543.0,1.1482762762762764
10666.0,9945.0,9098.0,10178.0,10301.0,12276.0,11249.0,14327.0,1993-12-31,12129.5,9880.5,-1610.0,0.8688497882046269,2249.0,1.2276200597135773
8344.0,14327.0,9945.0,9098.0,10178.0,10666.0,12276.0,11249.0,1994-03-31,10633.75,10887.0,-2322.0,0.782298893680855,-253.25,0.9767383117479562
9190.0,11249.0,14327.0,9945.0,9098.0,8344.0,10666.0,12276.0,1994-06-30,10119.0,11154.75,846.0,1.1013902205177373,-1035.75,0.9071471794526995
7401.0,12276.0,11249.0,14327.0,9945.0,9190.0,8344.0,10666.0,1994-09-30,8900.25,11949.25,-1789.0,0.8053318824809576,-3049.0,0.7448375421051531
8957.0,10666.0,12276.0,11249.0,14327.0,7401.0,9190.0,8344.0,1994-12-31,8473.0,12129.5,1556.0,1.2102418592082151,-3656.5,0.698544869945175
11664.0,8344.0,10666.0,12276.0,11249.0,8957.0,7401.0,9190.0,1995-03-31,9303.0,10633.75,2707.0,1.3022217260243385,-1330.75,0.8748560009404021
12908.0,9190.0,8344.0,10666.0,12276.0,11664.0,8957.0,7401.0,1995-06-30,10232.5,10119.0,1244.0,1.106652949245542,113.5,1.0112165233718746
13216.0,7401.0,9190.0,8344.0,10666.0,12908.0,11664.0,8957.0,1995-09-30,11686.25,8900.25,308.0,1.0238611713665944,2786.0,1.3130249150304767
14886.0,8957.0,7401.0,9190.0,8344.0,13216.0,12908.0,11664.0,1995-12-31,13168.5,8473.0,1670.0,1.126361985472155,4695.5,1.554172076006137
13961.0,11664.0,8957.0,7401.0,9190.0,14886.0,13216.0,12908.0,1996-03-31,13742.75,9303.0,-925.0,0.9378610775225044,4439.75,1.4772385252069224
11893.0,12908.0,11664.0,8957.0,7401.0,13961.0,14886.0,13216.0,1996-06-30,13489.0,10232.5,-2068.0,0.8518730749946279,3256.5,1.3182506718788174
12743.0,13216.0,12908.0,11664.0,8957.0,11893.0,13961.0,14886.0,1996-09-30,13370.75,11686.25,850.0,1.07147061296561,1684.5,1.144143758690769
15508.0,14886.0,13216.0,12908.0,11664.0,12743.0,11893.0,13961.0,1996-12-31,13526.25,13168.5,2765.0,1.2169818724005337,357.75,1.0271671033147283
12494.0,13961.0,14886.0,13216.0,12908.0,15508.0,12743.0,11893.0,1997-03-31,13159.5,13742.75,-3014.0,0.8056486974464793,-583.25,0.9575594404322278
13473.0,11893.0,13961.0,14886.0,13216.0,12494.0,15508.0,12743.0,1997-06-30,13554.5,13489.0,979.0,1.0783576116535938,65.5,1.0048558084365038
13032.0,12743.0,11893.0,13961.0,14886.0,13473.0,12494.0,15508.0,1997-09-30,13626.75,13370.75,-441.0,0.9672678690714763,256.0,1.0191462707776302
13752.0,15508.0,12743.0,11893.0,13961.0,13032.0,13473.0,12494.0,1997-12-31,13187.75,13526.25,720.0,1.0552486187845305,-338.5,0.9749745864522688
13642.0,12494.0,15508.0,12743.0,11893.0,13752.0,13032.0,13473.0,1998-03-31,13474.75,13159.5,-110.0,0.9920011634671321,315.25,1.0239560773585623
14072.0,13473.0,12494.0,15508.0,12743.0,13642.0,13752.0,13032.0,1998-06-30,13624.5,13554.5,430.0,1.0315203049406245,70.0,1.0051643365671916
11016.0,13032.0,13473.0,12494.0,15508.0,14072.0,13642.0,13752.0,1998-09-30,13120.5,13626.75,-3056.0,0.7828311540648095,-506.25,0.962848808409929
14318.0,13752.0,13032.0,13473.0,12494.0,11016.0,14072.0,13642.0,1998-12-31,13262.0,13187.75,3302.0,1.2997458242556281,74.25,1.005630225019431
16671.0,13642.0,13752.0,13032.0,13473.0,14318.0,11016.0,14072.0,1999-03-31,14019.25,13474.75,2353.0,1.1643385947758067,544.5,1.0404089129668455
18315.0,14072.0,13642.0,13752.0,13032.0,16671.0,14318.0,11016.0,1999-06-30,15080.0,13624.5,1644.0,1.0986143602663307,1455.5,1.1068296084259972
13730.0,11016.0,14072.0,13642.0,13752.0,18315.0,16671.0,14318.0,1999-09-30,15758.5,13120.5,-4585.0,0.7496587496587497,2638.0,1.2010594108456232
21695.0,14318.0,11016.0,14072.0,13642.0,13730.0,18315.0,16671.0,1999-12-31,17602.75,13262.0,7965.0,1.5801165331391114,4340.75,1.327307344291962
22057.0,16671.0,14318.0,11016.0,14072.0,21695.0,13730.0,18315.0,2000-03-31,18949.25,14019.25,362.0,1.0166858723208112,4930.0,1.351659325570198
25393.0,18315.0,16671.0,14318.0,11016.0,22057.0,21695.0,13730.0,2000-06-30,20718.75,15080.0,3336.0,1.1512445028789047,5638.75,1.3739224137931034
28089.0,13730.0,18315.0,16671.0,14318.0,25393.0,22057.0,21695.0,2000-09-30,24308.5,15758.5,2696.0,1.1061709920056708,8550.0,1.5425643303613923
27619.0,21695.0,13730.0,18315.0,16671.0,28089.0,25393.0,22057.0,2000-12-31,25789.5,17602.75,-470.0,0.9832674712520916,8186.75,1.4650835806905171
25497.0,22057.0,21695.0,13730.0,18315.0,27619.0,28089.0,25393.0,2001-03-31,26649.5,18949.25,-2122.0,0.9231688330497122,7700.25,1.406361729356043
25448.0,25393.0,22057.0,21695.0,13730.0,25497.0,27619.0,28089.0,2001-06-30,26663.25,20718.75,-49.0,0.9980782052790524,5944.5,1.2869140271493213
26541.0,28089.0,25393.0,22057.0,21695.0,25448.0,25497.0,27619.0,2001-09-30,26276.25,24308.5,1093.0,1.042950330084879,1967.75,1.080949050743567
36968.0,27619.0,28089.0,25393.0,22057.0,26541.0,25448.0,25497.0,2001-12-31,28613.5,25789.5,10427.0,1.39286387099205,2824.0,1.1095019290796642
25545.0,25497.0,27619.0,28089.0,25393.0,36968.0,26541.0,25448.0,2002-03-31,28625.5,26649.5,-11423.0,0.6910030296472625,1976.0,1.074147732602863
22896.0,25448.0,25497.0,27619.0,28089.0,25545.0,36968.0,26541.0,2002-06-30,27987.5,26663.25,-2649.0,0.8963006459189665,1324.25,1.0496657384227355
20115.0,26541.0,25448.0,25497.0,27619.0,22896.0,25545.0,36968.0,2002-09-30,26381.0,26276.25,-2781.0,0.8785377358490566,104.75,1.0039864897007753
28203.0,36968.0,26541.0,25448.0,25497.0,20115.0,22896.0,25545.0,2002-12-31,24189.75,28613.5,8088.0,1.4020879940343027,-4423.75,0.8453964037954113
17451.0,25545.0,36968.0,26541.0,25448.0,28203.0,20115.0,22896.0,2003-03-31,22166.25,28625.5,-10752.0,0.6187639612807149,-6459.25,0.7743532864054776
37487.0,22896.0,25545.0,36968.0,26541.0,17451.0,28203.0,20115.0,2003-06-30,25814.0,27987.5,20036.0,2.1481290470460146,-2173.5,0.9223403305046896
28124.0,20115.0,22896.0,25545.0,36968.0,37487.0,17451.0,28203.0,2003-09-30,27816.25,26381.0,-9363.0,0.7502334142502735,1435.25,1.054404685190099
32479.0,28203.0,20115.0,22896.0,25545.0,28124.0,37487.0,17451.0,2003-12-31,28885.25,24189.75,4355.0,1.1548499502204523,4695.5,1.194111142115979
35578.0,17451.0,28203.0,20115.0,22896.0,32479.0,28124.0,37487.0,2004-03-31,33417.0,22166.25,3099.0,1.0954154992456664,11250.75,1.5075621722212824
25406.0,37487.0,17451.0,28203.0,20115.0,35578.0,32479.0,28124.0,2004-06-30,30396.75,25814.0,-10172.0,0.714092978807128,4582.75,1.1775296350817386
27900.0,28124.0,37487.0,17451.0,28203.0,25406.0,35578.0,32479.0,2004-09-30,30340.75,27816.25,2494.0,1.0981657876092261,2524.5,1.0907563025210083
31521.0,32479.0,28124.0,37487.0,17451.0,27900.0,25406.0,35578.0,2004-12-31,30101.25,28885.25,3621.0,1.1297849462365592,1216.0,1.0420976103720758
28246.0,35578.0,32479.0,28124.0,37487.0,31521.0,27900.0,25406.0,2005-03-31,28268.25,33417.0,-3275.0,0.8961010120237302,-5148.75,0.8459242301822426
14228.0,25406.0,35578.0,32479.0,28124.0,28246.0,31521.0,27900.0,2005-06-30,25473.75,30396.75,-14018.0,0.5037173405083906,-4923.0,0.8380418959263737
-15548.0,27900.0,25406.0,35578.0,32479.0,14228.0,28246.0,31521.0,2005-09-30,14611.75,30340.75,-29776.0,-1.0927748102333428,-15729.0,0.4815882929723227
-44739.0,31521.0,27900.0,25406.0,35578.0,-15548.0,14228.0,28246.0,2005-12-31,-4453.25,30101.25,-29191.0,2.877476202727039,-34554.5,-0.1479423611976247
29663.0,28246.0,31521.0,27900.0,25406.0,-44739.0,-15548.0,14228.0,2006-03-31,-4099.0,28268.25,74402.0,-0.663023312993138,-32367.25,-0.1450036701953605
27064.0,14228.0,28246.0,31521.0,27900.0,29663.0,-44739.0,-15548.0,2006-06-30,-890.0,25473.75,-2599.0,0.9123824292890133,-26363.75,-0.034937926296677954
36125.0,-15548.0,14228.0,28246.0,31521.0,27064.0,29663.0,-44739.0,2006-09-30,12028.25,14611.75,9061.0,1.3347989949748744,-2583.5,0.8231902407309186
55803.0,-44739.0,-15548.0,14228.0,28246.0,36125.0,27064.0,29663.0,2006-12-31,37163.75,-4453.25,19678.0,1.544719723183391,41617.0,-8.345309605344411
34795.0,29663.0,-44739.0,-15548.0,14228.0,55803.0,36125.0,27064.0,2007-03-31,38446.75,-4099.0,-21008.0,0.6235327849757182,42545.75,-9.379543791168578
34461.0,27064.0,29663.0,-44739.0,-15548.0,34795.0,55803.0,36125.0,2007-06-30,40296.0,-890.0,-334.0,0.9904009196723668,41186.0,-45.27640449438202
49284.0,36125.0,27064.0,29663.0,-44739.0,34461.0,34795.0,55803.0,2007-09-30,43585.75,12028.25,14823.0,1.4301384173413423,31557.5,3.623615239124561
56919.0,55803.0,36125.0,27064.0,29663.0,49284.0,34461.0,34795.0,2007-12-31,43864.75,37163.75,7635.0,1.154918431945459,6701.0,1.1803101140224008
38978.0,34795.0,55803.0,36125.0,27064.0,56919.0,49284.0,34461.0,2008-03-31,44910.5,38446.75,-17941.0,0.6847976949700452,6463.75,1.1681221429639697
48007.0,34461.0,34795.0,55803.0,36125.0,38978.0,56919.0,49284.0,2008-06-30,48297.0,40296.0,9029.0,1.2316434912001641,8001.0,1.1985556879094699
54643.0,49284.0,34461.0,34795.0,55803.0,48007.0,38978.0,56919.0,2008-09-30,49636.75,43585.75,6636.0,1.1382298414814507,6051.0,1.138829778081139
42212.0,56919.0,49284.0,34461.0,34795.0,54643.0,48007.0,38978.0,2008-12-31,45960.0,43864.75,-12431.0,0.7725051699211244,2095.25,1.04776614479736
49282.0,38978.0,56919.0,49284.0,34461.0,42212.0,54643.0,48007.0,2009-03-31,48536.0,44910.5,7070.0,1.1674879181275466,3625.5,1.080727224145801
47016.0,48007.0,38978.0,56919.0,49284.0,49282.0,42212.0,54643.0,2009-06-30,48288.25,48297.0,-2266.0,0.9540197232255184,-8.75,0.9998188293268733
46327.0,54643.0,48007.0,38978.0,56919.0,47016.0,49282.0,42212.0,2009-09-30,46209.25,49636.75,-689.0,0.9853454143270376,-3427.5,0.9309483396878321
50085.0,42212.0,54643.0,48007.0,38978.0,46327.0,47016.0,49282.0,2009-12-31,48177.5,45960.0,3758.0,1.0811190018779546,2217.5,1.0482484769364664
58585.0,49282.0,42212.0,54643.0,48007.0,50085.0,46327.0,47016.0,2010-03-31,50503.25,48536.0,8500.0,1.1697114904662074,1967.25,1.0405317702324048
52294.0,47016.0,49282.0,42212.0,54643.0,58585.0,50085.0,46327.0,2010-06-30,51822.75,48288.25,-6291.0,0.8926175642229239,3534.5,1.0731958602765683
54323.0,46327.0,47016.0,49282.0,42212.0,52294.0,58585.0,50085.0,2010-09-30,53821.75,46209.25,2029.0,1.0387998623169006,7612.5,1.164739743666041
53001.0,50085.0,46327.0,47016.0,49282.0,54323.0,52294.0,58585.0,2010-12-31,54550.75,48177.5,-1322.0,0.9756640833532758,6373.25,1.1322868558974626
52609.0,58585.0,50085.0,46327.0,47016.0,53001.0,54323.0,52294.0,2011-03-31,53056.75,50503.25,-392.0,0.9926039131337144,2553.5,1.0505611025033041
52901.0,52294.0,58585.0,50085.0,46327.0,52609.0,53001.0,54323.0,2011-06-30,53208.5,51822.75,292.0,1.0055503811134976,1385.75,1.0267401865011023
55017.0,54323.0,52294.0,58585.0,50085.0,52901.0,52609.0,53001.0,2011-09-30,53382.0,53821.75,2116.0,1.0399992438706263,-439.75,0.9918295113035158
54619.0,53001.0,54323.0,52294.0,58585.0,55017.0,52901.0,52609.0,2011-12-31,53786.5,54550.75,-398.0,0.992765872366723,-764.25,0.9859901101268085
51149.0,52609.0,53001.0,54323.0,52294.0,54619.0,55017.0,52901.0,2012-03-31,53421.5,53056.75,-3470.0,0.9364689943060107,364.75,1.0068747143388919
42729.0,52901.0,52609.0,53001.0,54323.0,51149.0,54619.0,55017.0,2012-06-30,50878.5,53208.5,-8420.0,0.8353829009364797,-2330.0,0.9562100040407078
47111.0,55017.0,52901.0,52609.0,53001.0,42729.0,51149.0,54619.0,2012-09-30,48902.0,53382.0,4382.0,1.1025533010367665,-4480.0,0.9160765801206399
48836.0,54619.0,55017.0,52901.0,52609.0,47111.0,42729.0,51149.0,2012-12-31,47456.25,53786.5,1725.0,1.0366156523954067,-6330.25,0.8823078281724969
52633.0,51149.0,54619.0,55017.0,52901.0,48836.0,47111.0,42729.0,2013-03-31,47827.25,53421.5,3797.0,1.0777500204766974,-5594.25,0.8952809262188445
48975.0,42729.0,51149.0,54619.0,55017.0,52633.0,48836.0,47111.0,2013-06-30,49388.75,50878.5,-3658.0,0.9304998765033344,-1489.75,0.9707194591035506
69496.0,47111.0,42729.0,51149.0,54619.0,48975.0,52633.0,48836.0,2013-09-30,54985.0,48902.0,20521.0,1.4190096988259315,6083.0,1.1243916404237047
55055.0,48836.0,47111.0,42729.0,51149.0,69496.0,48975.0,52633.0,2013-12-31,56539.75,47456.25,-14441.0,0.7922038678485093,9083.5,1.1914078756749638
56903.0,52633.0,48836.0,47111.0,42729.0,55055.0,69496.0,48975.0,2014-03-31,57607.25,47827.25,1848.0,1.0335664335664336,9780.0,1.2044859363647293
57661.0,48975.0,52633.0,48836.0,47111.0,56903.0,55055.0,69496.0,2014-06-30,59778.75,49388.75,758.0,1.0133209145387765,10390.0,1.2103717951962745
57470.0,69496.0,48975.0,52633.0,48836.0,57661.0,56903.0,55055.0,2014-09-30,56772.25,54985.0,-191.0,0.9966875357694108,1787.25,1.0325043193598253
56083.0,55055.0,69496.0,48975.0,52633.0,57470.0,57661.0,56903.0,2014-12-31,57029.25,56539.75,-1387.0,0.9758656690447189,489.5,1.0086576258296154
53944.0,56903.0,55055.0,69496.0,48975.0,56083.0,57470.0,57661.0,2015-03-31,56289.5,57607.25,-2139.0,0.9618601002086193,-1317.75,0.9771252750304866
47676.0,57661.0,56903.0,55055.0,69496.0,53944.0,56083.0,57470.0,2015-06-30,53793.25,59778.75,-6268.0,0.8838054278511048,-5985.5,0.8998724463124438
47253.0,57470.0,57661.0,56903.0,55055.0,47676.0,53944.0,56083.0,2015-09-30,51239.0,56772.25,-423.0,0.9911276113767934,-5533.25,0.9025360101105734
56034.0,56083.0,57470.0,57661.0,56903.0,47253.0,47676.0,53944.0,2015-12-31,51226.75,57029.25,8781.0,1.1858294711446893,-5802.5,0.8982539661664848
46541.0,53944.0,56083.0,57470.0,57661.0,56034.0,47253.0,47676.0,2016-03-31,49376.0,56289.5,-9493.0,0.8305850019630938,-6913.5,0.8771795805612059
48242.0,47676.0,53944.0,56083.0,57470.0,46541.0,56034.0,47253.0,2016-06-30,49517.5,53793.25,1701.0,1.0365484196729766,-4275.75,0.920515120391499
45962.0,47253.0,47676.0,53944.0,56083.0,48242.0,46541.0,56034.0,2016-09-30,49194.75,51239.0,-2280.0,0.9527382778491771,-2044.25,0.9601036319990632
60048.0,56034.0,47253.0,47676.0,53944.0,45962.0,48242.0,46541.0,2016-12-31,50198.25,51226.75,14086.0,1.3064705626387014,-1028.5,0.9799225990327319
54958.0,46541.0,56034.0,47253.0,47676.0,60048.0,45962.0,48242.0,2017-03-31,52302.5,49376.0,-5090.0,0.9152344790833999,2926.5,1.059269685677252
59414.0,48242.0,46541.0,56034.0,47253.0,54958.0,60048.0,45962.0,2017-06-30,55095.5,49517.5,4456.0,1.0810800975290222,5578.0,1.1126470439743525
58202.0,45962.0,48242.0,46541.0,56034.0,59414.0,54958.0,60048.0,2017-09-30,58155.5,49194.75,-1212.0,0.9796007674958764,8960.75,1.182148501618567
