0_mths_prior,12_mths_prior,15_mths_prior,18_mths_prior,21_mths_prior,3_mths_prior,6_mths_prior,9_mths_prior,Date,past_year_1,past_year_2,qoq_diff,qoq_ratio,yoy_diff,yoy_ratio
1075.0,-1177.0,-2327.0,-3626.0,-3651.0,1534.0,1674.0,-141.0,1991-12-31,1035.5,-2695.25,-459.0,0.7007822685788787,3730.75,-0.38419441610240235
-1495.0,-141.0,-1177.0,-2327.0,-3626.0,1075.0,1534.0,1674.0,1992-03-31,697.0,-1817.75,-2570.0,-1.3906976744186046,2514.75,-0.3834410672534727
-4216.0,1674.0,-141.0,-1177.0,-2327.0,-1495.0,1075.0,1534.0,1992-06-30,-775.5,-492.75,-2721.0,2.820066889632107,-282.75,1.573820395738204
-2133.0,1534.0,1674.0,-141.0,-1177.0,-4216.0,-1495.0,1075.0,1992-09-30,-1692.25,472.5,2083.0,0.5059297912713473,-2164.75,-3.5814814814814815
-2679.0,1075.0,1534.0,1674.0,-141.0,-2133.0,-4216.0,-1495.0,1992-12-31,-2630.75,1035.5,-546.0,1.2559774964838255,-3666.25,-2.5405601158860454
-5847.0,-1495.0,1075.0,1534.0,1674.0,-2679.0,-2133.0,-4216.0,1993-03-31,-3718.75,697.0,-3168.0,2.1825307950727884,-4415.75,-5.335365853658536
-6713.0,-4216.0,-1495.0,1075.0,1534.0,-5847.0,-2679.0,-2133.0,1993-06-30,-4343.0,-775.5,-866.0,1.1481101419531383,-3567.5,5.600257898130239
-5962.0,-2133.0,-4216.0,-1495.0,1075.0,-6713.0,-5847.0,-2679.0,1993-09-30,-5300.25,-1692.25,751.0,0.8881275137792343,-3608.0,3.1320726842960553
-1782.0,-2679.0,-2133.0,-4216.0,-1495.0,-5962.0,-6713.0,-5847.0,1993-12-31,-5076.0,-2630.75,4180.0,0.2988929889298893,-2445.25,1.9294877886534259
3117.0,-5847.0,-2679.0,-2133.0,-4216.0,-1782.0,-5962.0,-6713.0,1994-03-31,-2835.0,-3718.75,4899.0,-1.7491582491582491,883.75,0.7623529411764706
4741.0,-6713.0,-5847.0,-2679.0,-2133.0,3117.0,-1782.0,-5962.0,1994-06-30,28.5,-4343.0,1624.0,1.521013795316009,4371.5,-0.006562284135390283
8943.0,-5962.0,-6713.0,-5847.0,-2679.0,4741.0,3117.0,-1782.0,1994-09-30,3754.75,-5300.25,4202.0,1.8863109048723898,9055.0,-0.7084099806612896
7600.0,-1782.0,-5962.0,-6713.0,-5847.0,8943.0,4741.0,3117.0,1994-12-31,6100.25,-5076.0,-1343.0,0.8498266800849826,11176.25,-1.2017828999211977
1442.0,3117.0,-1782.0,-5962.0,-6713.0,7600.0,8943.0,4741.0,1995-03-31,5681.5,-2835.0,-6158.0,0.18973684210526315,8516.5,-2.004056437389771
-982.0,4741.0,3117.0,-1782.0,-5962.0,1442.0,7600.0,8943.0,1995-06-30,4250.75,28.5,-2424.0,-0.680998613037448,4222.25,149.14912280701753
-4387.0,8943.0,4741.0,3117.0,-1782.0,-982.0,1442.0,7600.0,1995-09-30,918.25,3754.75,-3405.0,4.467413441955194,-2836.5,0.2445568946001731
-4434.0,7600.0,8943.0,4741.0,3117.0,-4387.0,-982.0,1442.0,1995-12-31,-2090.25,6100.25,-47.0,1.0107134716206976,-8190.5,-0.34264989139789354
-837.0,1442.0,7600.0,8943.0,4741.0,-4434.0,-4387.0,-982.0,1996-03-31,-2660.0,5681.5,3597.0,0.18876860622462788,-8341.5,-0.468186218428232
17.0,-982.0,1442.0,7600.0,8943.0,-837.0,-4434.0,-4387.0,1996-06-30,-2410.25,4250.75,854.0,-0.02031063321385902,-6661.0,-0.5670175851320355
676.0,-4387.0,-982.0,1442.0,7600.0,17.0,-837.0,-4434.0,1996-09-30,-1144.5,918.25,659.0,39.76470588235294,-2062.75,-1.2463925946093113
3451.0,-4434.0,-4387.0,-982.0,1442.0,676.0,17.0,-837.0,1996-12-31,826.75,-2090.25,2775.0,5.105029585798817,2917.0,-0.39552685085516087
-6067.0,-837.0,-4434.0,-4387.0,-982.0,3451.0,676.0,17.0,1997-03-31,-480.75,-2660.0,-9518.0,-1.75804114749348,2179.25,0.1807330827067669
-6872.0,17.0,-837.0,-4434.0,-4387.0,-6067.0,3451.0,676.0,1997-06-30,-2203.0,-2410.25,-805.0,1.1326850173067413,207.25,0.9140130691836946
-7316.0,676.0,17.0,-837.0,-4434.0,-6872.0,-6067.0,3451.0,1997-09-30,-4201.0,-1144.5,-444.0,1.0646100116414436,-3056.5,3.670598514635212
-7373.0,3451.0,676.0,17.0,-837.0,-7316.0,-6872.0,-6067.0,1997-12-31,-6907.0,826.75,-57.0,1.0077911427009294,-7733.75,-8.354399758088903
-1381.0,-6067.0,3451.0,676.0,17.0,-7373.0,-7316.0,-6872.0,1998-03-31,-5735.5,-480.75,5992.0,0.1873050318730503,-5254.75,11.930317212688507
-1335.0,-6872.0,-6067.0,3451.0,676.0,-1381.0,-7373.0,-7316.0,1998-06-30,-4351.25,-2203.0,46.0,0.9666908037653874,-2148.25,1.9751475261007716
-1293.0,-7316.0,-6872.0,-6067.0,3451.0,-1335.0,-1381.0,-7373.0,1998-09-30,-2845.5,-4201.0,42.0,0.9685393258426966,1355.5,0.6773387288740776
-342.0,-7373.0,-7316.0,-6872.0,-6067.0,-1293.0,-1335.0,-1381.0,1998-12-31,-1087.75,-6907.0,951.0,0.26450116009280744,5819.25,0.15748515998262633
5014.0,-1381.0,-7373.0,-7316.0,-6872.0,-342.0,-1293.0,-1335.0,1999-03-31,511.0,-5735.5,5356.0,-14.660818713450292,6246.5,-0.08909423764275129
5974.0,-1335.0,-1381.0,-7373.0,-7316.0,5014.0,-342.0,-1293.0,1999-06-30,2338.25,-4351.25,960.0,1.1914639010769845,6689.5,-0.5373743177247917
5592.0,-1293.0,-1335.0,-1381.0,-7373.0,5974.0,5014.0,-342.0,1999-09-30,4059.5,-2845.5,-382.0,0.9360562437227988,6905.0,-1.4266385520998066
5241.0,-342.0,-1293.0,-1335.0,-1381.0,5592.0,5974.0,5014.0,1999-12-31,5455.25,-1087.75,-351.0,0.9372317596566524,6543.0,-5.015168926683521
4665.0,5014.0,-342.0,-1293.0,-1335.0,5241.0,5592.0,5974.0,2000-03-31,5368.0,511.0,-576.0,0.8900973096737264,4857.0,10.504892367906066
4872.0,5974.0,5014.0,-342.0,-1293.0,4665.0,5241.0,5592.0,2000-06-30,5092.5,2338.25,207.0,1.0443729903536978,2754.25,2.177910830749492
5174.0,5592.0,5974.0,5014.0,-342.0,4872.0,4665.0,5241.0,2000-09-30,4988.0,4059.5,302.0,1.0619868637110017,928.5,1.228722749107033
6120.0,5241.0,5592.0,5974.0,5014.0,5174.0,4872.0,4665.0,2000-12-31,5207.75,5455.25,946.0,1.1828372632392732,-247.5,0.95463086018056
2094.0,4665.0,5241.0,5592.0,5974.0,6120.0,5174.0,4872.0,2001-03-31,4565.0,5368.0,-4026.0,0.34215686274509804,-803.0,0.8504098360655737
2540.0,4872.0,4665.0,5241.0,5592.0,2094.0,6120.0,5174.0,2001-06-30,3982.0,5092.5,446.0,1.212989493791786,-1110.5,0.7819342169857634
4179.0,5174.0,4872.0,4665.0,5241.0,2540.0,2094.0,6120.0,2001-09-30,3733.25,4988.0,1639.0,1.645275590551181,-1254.75,0.7484462710505213
6037.0,6120.0,5174.0,4872.0,4665.0,4179.0,2540.0,2094.0,2001-12-31,3712.5,5207.75,1858.0,1.4446039722421633,-1495.25,0.7128798425423647
9496.0,2094.0,6120.0,5174.0,4872.0,6037.0,4179.0,2540.0,2002-03-31,5563.0,4565.0,3459.0,1.5729667053172105,998.0,1.218619934282585
10889.0,2540.0,2094.0,6120.0,5174.0,9496.0,6037.0,4179.0,2002-06-30,7650.25,3982.0,1393.0,1.1466933445661331,3668.25,1.9212079357106981
9169.0,4179.0,2540.0,2094.0,6120.0,10889.0,9496.0,6037.0,2002-09-30,8897.75,3733.25,-1720.0,0.8420424281384884,5164.5,2.3833790932833323
7601.0,6037.0,4179.0,2540.0,2094.0,9169.0,10889.0,9496.0,2002-12-31,9288.75,3712.5,-1568.0,0.8289889846220962,5576.25,2.502020202020202
5812.0,9496.0,6037.0,4179.0,2540.0,7601.0,9169.0,10889.0,2003-03-31,8367.75,5563.0,-1789.0,0.764636232074727,2804.75,1.5041793996045298
3064.0,10889.0,9496.0,6037.0,4179.0,5812.0,7601.0,9169.0,2003-06-30,6411.5,7650.25,-2748.0,0.5271851342050929,-1238.75,0.838077187020032
2569.0,9169.0,10889.0,9496.0,6037.0,3064.0,5812.0,7601.0,2003-09-30,4761.5,8897.75,-495.0,0.8384464751958225,-4136.25,0.5351352870107612
5783.0,7601.0,9169.0,10889.0,9496.0,2569.0,3064.0,5812.0,2003-12-31,4307.0,9288.75,3214.0,2.2510704554301286,-4981.75,0.4636791818059481
13634.0,5812.0,7601.0,9169.0,10889.0,5783.0,2569.0,3064.0,2004-03-31,6262.5,8367.75,7851.0,2.3575998616634966,-2105.25,0.7484090705386752
15804.0,3064.0,5812.0,7601.0,9169.0,13634.0,5783.0,2569.0,2004-06-30,9447.5,6411.5,2170.0,1.1591609212263458,3036.0,1.4735241363175544
17539.0,2569.0,3064.0,5812.0,7601.0,15804.0,13634.0,5783.0,2004-09-30,13190.0,4761.5,1735.0,1.1097823335864339,8428.5,2.770135461514229
18081.0,5783.0,2569.0,3064.0,5812.0,17539.0,15804.0,13634.0,2004-12-31,16264.5,4307.0,542.0,1.0309025600091226,11957.5,3.7762944044578592
17462.0,13634.0,5783.0,2569.0,3064.0,18081.0,17539.0,15804.0,2005-03-31,17221.5,6262.5,-619.0,0.9657651678557602,10959.0,2.749940119760479
16250.0,15804.0,13634.0,5783.0,2569.0,17462.0,18081.0,17539.0,2005-06-30,17333.0,9447.5,-1212.0,0.9305921429389532,7885.5,1.8346652553585605
12578.0,17539.0,15804.0,13634.0,5783.0,16250.0,17462.0,18081.0,2005-09-30,16092.75,13190.0,-3672.0,0.7740307692307692,2902.75,1.2200720242608036
11866.0,18081.0,17539.0,15804.0,13634.0,12578.0,16250.0,17462.0,2005-12-31,14539.0,16264.5,-712.0,0.9433932262680871,-1725.5,0.8939100494942974
7268.0,17462.0,18081.0,17539.0,15804.0,11866.0,12578.0,16250.0,2006-03-31,11990.5,17221.5,-4598.0,0.6125063205798078,-5231.0,0.6962517783003803
9540.0,16250.0,17462.0,18081.0,17539.0,7268.0,11866.0,12578.0,2006-06-30,10313.0,17333.0,2272.0,1.3126031920748487,-7020.0,0.5949922113886805
6862.0,12578.0,16250.0,17462.0,18081.0,9540.0,7268.0,11866.0,2006-09-30,8884.0,16092.75,-2678.0,0.719287211740042,-7208.75,0.5520498361063212
6150.0,11866.0,12578.0,16250.0,17462.0,6862.0,9540.0,7268.0,2006-12-31,7455.0,14539.0,-712.0,0.8962401632177208,-7084.0,0.5127587867116032
-3926.0,7268.0,11866.0,12578.0,16250.0,6150.0,6862.0,9540.0,2007-03-31,4656.5,11990.5,-10076.0,-0.6383739837398374,-7334.0,0.3883491097118552
1202.0,9540.0,7268.0,11866.0,12578.0,-3926.0,6150.0,6862.0,2007-06-30,2572.0,10313.0,5128.0,-0.30616403464085584,-7741.0,0.2493939687772714
10319.0,6862.0,9540.0,7268.0,11866.0,1202.0,-3926.0,6150.0,2007-09-30,3436.25,8884.0,9117.0,8.584858569051582,-5447.75,0.3867908599729851
14927.0,6150.0,6862.0,9540.0,7268.0,10319.0,1202.0,-3926.0,2007-12-31,5630.5,7455.0,4608.0,1.4465548987304973,-1824.5,0.7552649228705567
-40385.0,-3926.0,6150.0,6862.0,9540.0,14927.0,10319.0,1202.0,2008-03-31,-3484.25,4656.5,-55312.0,-2.7055001004890467,-8140.75,-0.7482551272414903
-10967.0,1202.0,-3926.0,6150.0,6862.0,-40385.0,14927.0,10319.0,2008-06-30,-6526.5,2572.0,29418.0,0.27156122322644544,-9098.5,-2.537519440124417
-87561.0,10319.0,1202.0,-3926.0,6150.0,-10967.0,-40385.0,14927.0,2008-09-30,-30996.5,3436.25,-76594.0,7.984043038205526,-34432.75,-9.020443797744635
-40887.0,14927.0,10319.0,1202.0,-3926.0,-87561.0,-10967.0,-40385.0,2008-12-31,-44950.0,5630.5,46674.0,0.46695446602939666,-50580.5,-7.983305212680934
3893.0,-40385.0,14927.0,10319.0,1202.0,-40887.0,-87561.0,-10967.0,2009-03-31,-33880.5,-3484.25,44780.0,-0.09521363758651895,-30396.25,9.723900408983281
14168.0,-10967.0,-40385.0,14927.0,10319.0,3893.0,-40887.0,-87561.0,2009-06-30,-27596.75,-6526.5,10275.0,3.639352684305163,-21070.25,4.228414923772313
21452.0,-87561.0,-10967.0,-40385.0,14927.0,14168.0,3893.0,-40887.0,2009-09-30,-343.5,-30996.5,7284.0,1.5141163184641446,30653.0,0.011081896343135516
12637.0,-40887.0,-87561.0,-10967.0,-40385.0,21452.0,14168.0,3893.0,2009-12-31,13037.5,-44950.0,-8815.0,0.5890826030206974,57987.5,-0.2900444938820912
22511.0,3893.0,-40887.0,-87561.0,-10967.0,12637.0,21452.0,14168.0,2010-03-31,17692.0,-33880.5,9874.0,1.781356334573079,51572.5,-0.5221882793937516
16582.0,14168.0,3893.0,-40887.0,-87561.0,22511.0,12637.0,21452.0,2010-06-30,18295.5,-27596.75,-5929.0,0.7366176535915775,45892.25,-0.6629585005480718
20349.0,21452.0,14168.0,3893.0,-40887.0,16582.0,22511.0,12637.0,2010-09-30,18019.75,-343.5,3767.0,1.227174044144253,18363.25,-52.459243085880644
5234.0,12637.0,21452.0,14168.0,3893.0,20349.0,16582.0,22511.0,2010-12-31,16169.0,13037.5,-15115.0,0.25721165659246154,3131.5,1.2401917545541707
-2241.0,22511.0,12637.0,21452.0,14168.0,5234.0,20349.0,16582.0,2011-03-31,9981.0,17692.0,-7475.0,-0.42816201757737865,-7711.0,0.5641532896224282
3137.0,16582.0,22511.0,12637.0,21452.0,-2241.0,5234.0,20349.0,2011-06-30,6619.75,18295.5,5378.0,-1.3998215082552432,-11675.75,0.3618239457790167
4077.0,20349.0,16582.0,22511.0,12637.0,3137.0,-2241.0,5234.0,2011-09-30,2551.75,18019.75,940.0,1.299649346509404,-15468.0,0.14160851288169923
23918.0,5234.0,20349.0,16582.0,22511.0,4077.0,3137.0,-2241.0,2011-12-31,7222.75,16169.0,19841.0,5.866568555310277,-8946.25,0.44670356855711546
15504.0,-2241.0,5234.0,20349.0,16582.0,23918.0,4077.0,3137.0,2012-03-31,11659.0,9981.0,-8414.0,0.6482147336733841,1678.0,1.1681194269111312
10234.0,3137.0,-2241.0,5234.0,20349.0,15504.0,23918.0,4077.0,2012-06-30,13433.25,6619.75,-5270.0,0.6600877192982456,6813.5,2.0292684769062275
12035.0,4077.0,3137.0,-2241.0,5234.0,10234.0,15504.0,23918.0,2012-09-30,15422.75,2551.75,1801.0,1.175982020715263,12871.0,6.0439894190261585
15907.0,23918.0,4077.0,3137.0,-2241.0,12035.0,10234.0,15504.0,2012-12-31,13420.0,7222.75,3872.0,1.3217282924802658,6197.25,1.858018067910422
-8936.0,15504.0,23918.0,4077.0,3137.0,15907.0,12035.0,10234.0,2013-03-31,7310.0,11659.0,-24843.0,-0.5617652605771044,-4349.0,0.6269834462646883
-3586.0,10234.0,15504.0,23918.0,4077.0,-8936.0,15907.0,12035.0,2013-06-30,3855.0,13433.25,5350.0,0.4012981199641898,-9578.25,0.2869744849533806
6635.0,12035.0,10234.0,15504.0,23918.0,-3586.0,-8936.0,15907.0,2013-09-30,2505.0,15422.75,10221.0,-1.8502509760178472,-12917.75,0.16242239548718615
11862.0,15907.0,12035.0,10234.0,15504.0,6635.0,-3586.0,-8936.0,2013-12-31,1493.75,13420.0,5227.0,1.7877920120572721,-11926.25,0.11130774962742176
17895.0,-8936.0,15907.0,12035.0,10234.0,11862.0,6635.0,-3586.0,2014-03-31,8201.5,7310.0,6033.0,1.5085988872028326,891.5,1.1219562243502053
16869.0,-3586.0,-8936.0,15907.0,12035.0,17895.0,11862.0,6635.0,2014-06-30,13315.25,3855.0,-1026.0,0.9426655490360436,9460.25,3.4540207522697797
17802.0,6635.0,-3586.0,-8936.0,15907.0,16869.0,17895.0,11862.0,2014-09-30,16107.0,2505.0,933.0,1.0553085541525875,13602.0,6.429940119760479
20475.0,11862.0,6635.0,-3586.0,-8936.0,17802.0,16869.0,17895.0,2014-12-31,18260.25,1493.75,2673.0,1.1501516683518707,16766.5,12.224435146443515
7884.0,17895.0,11862.0,6635.0,-3586.0,20475.0,17802.0,16869.0,2015-03-31,15757.5,8201.5,-12591.0,0.38505494505494503,7556.0,1.9212948850819973
21033.0,16869.0,17895.0,11862.0,6635.0,7884.0,20475.0,17802.0,2015-06-30,16798.5,13315.25,13149.0,2.6678082191780823,3483.25,1.2615985430239762
21808.0,17802.0,16869.0,17895.0,11862.0,21033.0,7884.0,20475.0,2015-09-30,17800.0,16107.0,775.0,1.0368468596966671,1693.0,1.1051095796858508
22726.0,20475.0,17802.0,16869.0,17895.0,21808.0,21033.0,7884.0,2015-12-31,18362.75,18260.25,918.0,1.042094644167278,102.5,1.0056132856888598
21527.0,7884.0,20475.0,17802.0,16869.0,22726.0,21808.0,21033.0,2016-03-31,21773.5,15757.5,-1199.0,0.9472410454985479,6016.0,1.3817864508963986
22157.0,21033.0,7884.0,20475.0,17802.0,21527.0,22726.0,21808.0,2016-06-30,22054.5,16798.5,630.0,1.02926557346588,5256.0,1.312885079024913
21734.0,21808.0,21033.0,7884.0,20475.0,22157.0,21527.0,22726.0,2016-09-30,22036.0,17800.0,-423.0,0.9809089678205534,4236.0,1.2379775280898877
23837.0,22726.0,21808.0,21033.0,7884.0,21734.0,22157.0,21527.0,2016-12-31,22313.75,18362.75,2103.0,1.0967608355571914,3951.0,1.215163850730419
22849.0,21527.0,22726.0,21808.0,21033.0,23837.0,21734.0,22157.0,2017-03-31,22644.25,21773.5,-988.0,0.9585518311868104,870.75,1.0399912737961283
23070.0,22157.0,21527.0,22726.0,21808.0,22849.0,23837.0,21734.0,2017-06-30,22872.5,22054.5,221.0,1.0096721957197252,818.0,1.0370899362941803
22884.0,21734.0,22157.0,21527.0,22726.0,23070.0,22849.0,23837.0,2017-09-30,23160.0,22036.0,-186.0,0.9919375812743824,1124.0,1.0510074423670357
