0_mths_prior,12_mths_prior,15_mths_prior,18_mths_prior,21_mths_prior,3_mths_prior,6_mths_prior,9_mths_prior,Date,past_year_1,past_year_2,qoq_diff,qoq_ratio,yoy_diff,yoy_ratio
,,,,,,,,1991-12-31,,,,,,
,,,,,,,,1992-03-31,,,,,,
,,,,,,,,1992-06-30,,,,,,
,,,,,,,,1992-09-30,,,,,,
,,,,,,,,1992-12-31,,,,,,
,,,,,,,,1993-03-31,,,,,,
,,,,,,,,1993-06-30,,,,,,
,,,,,,,,1993-09-30,,,,,,
,,,,,,,,1993-12-31,,,,,,
,,,,,,,,1994-03-31,,,,,,
,,,,,,,,1994-06-30,,,,,,
,,,,,,,,1994-09-30,,,,,,
,,,,,,,,1994-12-31,,,,,,
,,,,,,,,1995-03-31,,,,,,
,,,,,,,,1995-06-30,,,,,,
,,,,,,,,1995-09-30,,,,,,
,,,,,,,,1995-12-31,,,,,,
,,,,,,,,1996-03-31,,,,,,
,,,,,,,,1996-06-30,,,,,,
,,,,,,,,1996-09-30,,,,,,
,,,,,,,,1996-12-31,,,,,,
,,,,,,,,1997-03-31,,,,,,
,,,,,,,,1997-06-30,,,,,,
,,,,,,,,1997-09-30,,,,,,
,,,,,,,,1997-12-31,,,,,,
,,,,,,,,1998-03-31,,,,,,
,,,,,,,,1998-06-30,,,,,,
,,,,,,,,1998-09-30,,,,,,
,,,,,,,,1998-12-31,,,,,,
,,,,,,,,1999-03-31,,,,,,
,,,,,,,,1999-06-30,,,,,,
,,,,,,,,1999-09-30,,,,,,
,,,,,,,,1999-12-31,,,,,,
,,,,,,,,2000-03-31,,,,,,
,,,,,,,,2000-06-30,,,,,,
,,,,,,,,2000-09-30,,,,,,
,,,,,,,,2000-12-31,,,,,,
848.6451612903226,,,,,,,,2001-03-31,848.6451612903226,,,,,
887.2063492063492,,,,,848.6451612903226,,,2001-06-30,867.9257552483359,,38.5611879160266,1.0454385291697135,,
613.9047619047619,,,,,887.2063492063492,848.6451612903226,,2001-09-30,783.252090800478,,-273.30158730158723,0.6919526246108706,,
690.5,,,,,613.9047619047619,887.2063492063492,848.6451612903226,2001-12-31,760.0640681003584,,76.59523809523807,1.1247672975488674,,
507.2950819672131,848.6451612903226,,,,690.5,613.9047619047619,887.2063492063492,2002-03-31,674.726548269581,848.6451612903226,-183.2049180327869,0.7346778884391211,-173.91861302074153,0.7950632125724879
427.34375,887.2063492063492,848.6451612903226,,,507.2950819672131,690.5,613.9047619047619,2002-06-30,559.7608984679937,867.9257552483359,-79.9513319672131,0.8423967926967201,-308.16485678034223,0.6449409930320961
438.3492063492063,613.9047619047619,887.2063492063492,848.6451612903226,,427.34375,507.2950819672131,690.5,2002-09-30,515.8720095791048,783.252090800478,11.005456349206327,1.025753170250428,-267.3800812213732,0.6586283211218591
692.8709677419355,690.5,613.9047619047619,887.2063492063492,848.6451612903226,438.3492063492063,427.34375,507.2950819672131,2002-12-31,516.4647515145888,760.0640681003584,254.52176139272916,1.580636984637237,-243.59931658576966,0.6795016014970926
493.655737704918,507.2950819672131,690.5,613.9047619047619,887.2063492063492,692.8709677419355,438.3492063492063,427.34375,2003-03-31,513.054915449015,674.726548269581,-199.21523003701748,0.7124786009056501,-161.67163282056606,0.7603894003649437
446.0,427.34375,507.2950819672131,690.5,613.9047619047619,493.655737704918,692.8709677419355,438.3492063492063,2003-06-30,517.718977949015,559.7608984679937,-47.65573770491801,0.9034636203632983,-42.04192051897871,0.9248930737498046
346.34375,438.3492063492063,427.34375,507.2950819672131,690.5,446.0,493.655737704918,692.8709677419355,2003-09-30,494.7176138617134,515.8720095791048,-99.65625,0.7765554932735426,-21.154395717391367,0.9589929375415212
470.5245901639344,692.8709677419355,438.3492063492063,427.34375,507.2950819672131,346.34375,446.0,493.655737704918,2003-12-31,439.1310194672131,516.4647515145888,124.18084016393442,1.358547945975449,-77.33373204737569,0.8502632913077105
721.3387096774194,493.655737704918,692.8709677419355,438.3492063492063,427.34375,470.5245901639344,346.34375,446.0,2004-03-31,496.05176246033847,513.054915449015,250.81411951348497,1.5330520970776456,-17.003152988676504,0.9668589999302595
526.3650793650794,446.0,493.655737704918,692.8709677419355,438.3492063492063,721.3387096774194,470.5245901639344,346.34375,2004-06-30,516.1430323016083,517.718977949015,-194.97363031234,0.729705854272632,-1.5759456474066837,0.9969559824643672
647.125,346.34375,446.0,493.655737704918,692.8709677419355,526.3650793650794,721.3387096774194,470.5245901639344,2004-09-30,591.3383448016084,494.7176138617134,120.7599206349206,1.2294223636199149,96.620730939895,1.1953048127510233
376.58730158730157,470.5245901639344,346.34375,446.0,493.655737704918,647.125,526.3650793650794,721.3387096774194,2004-12-31,567.8540226574501,439.1310194672131,-270.53769841269843,0.5819390405057779,128.72300319023697,1.2931312011308458
484.7096774193548,721.3387096774194,470.5245901639344,346.34375,446.0,376.58730158730157,647.125,526.3650793650794,2005-03-31,508.69676459293396,496.05176246033847,108.12237583205325,1.2871110506815324,12.645002132595494,1.0254912956459992
441.75,526.3650793650794,721.3387096774194,470.5245901639344,346.34375,484.7096774193548,376.58730158730157,647.125,2005-06-30,487.5429947516641,516.1430323016083,-42.95967741935482,0.9113702914947425,-28.600037549944204,0.9445889302769241
640.25,647.125,526.3650793650794,721.3387096774194,470.5245901639344,441.75,484.7096774193548,376.58730158730157,2005-09-30,485.8242447516641,591.3383448016084,198.5,1.4493491794001132,-105.51410004994432,0.8215672956480712
491.42622950819674,376.58730158730157,647.125,526.3650793650794,721.3387096774194,640.25,441.75,484.7096774193548,2005-12-31,514.5339767318878,567.8540226574501,-148.82377049180326,0.7675536579589172,-53.320045925562226,0.9061025478413722
787.741935483871,484.7096774193548,376.58730158730157,647.125,526.3650793650794,491.42622950819674,640.25,441.75,2006-03-31,590.2920412480169,508.69676459293396,296.31570597567423,1.6029708798250701,81.5952766550829,1.1604006204371606
709.015873015873,441.75,484.7096774193548,376.58730158730157,647.125,787.741935483871,491.42622950819674,640.25,2006-06-30,657.1085095019852,487.5429947516641,-78.72606246799796,0.9000611000611001,169.56551475032109,1.3477960232752217
928.8095238095239,640.25,441.75,484.7096774193548,376.58730158730157,709.015873015873,787.741935483871,491.42622950819674,2006-09-30,729.2483904543661,485.8242447516641,219.79365079365084,1.3099982090086864,243.42414570270205,1.501053927078365
1116.6451612903227,491.42622950819674,640.25,441.75,484.7096774193548,928.8095238095239,709.015873015873,787.741935483871,2006-12-31,885.5531233998977,514.5339767318878,187.83563748079882,1.2022326781387733,371.01914666800985,1.7210780306959974
1527.0483870967741,787.741935483871,491.42622950819674,640.25,441.75,1116.6451612903227,928.8095238095239,709.015873015873,2007-03-31,1070.3797363031233,590.2920412480169,410.4032258064515,1.3675323549803557,480.08769505510645,1.8133053836200936
1535.25,709.015873015873,787.741935483871,491.42622950819674,640.25,1527.0483870967741,1116.6451612903227,928.8095238095239,2007-06-30,1276.938268049155,657.1085095019852,8.20161290322585,1.0053708926138345,619.82975854717,1.943268500687857
1258.8412698412699,928.8095238095239,709.015873015873,787.741935483871,491.42622950819674,1535.25,1527.0483870967741,1116.6451612903227,2007-09-30,1359.4462045570917,729.2483904543661,-276.4087301587301,0.8199584887420746,630.1978141027256,1.864174432678657
1266.274193548387,1116.6451612903227,928.8095238095239,709.015873015873,787.741935483871,1258.8412698412699,1535.25,1527.0483870967741,2007-12-31,1396.8534626216078,885.5531233998977,7.432923707117197,1.0059045758072853,511.30033922171015,1.5773796350677174
1427.0967741935483,1527.0483870967741,1116.6451612903227,928.8095238095239,709.015873015873,1266.274193548387,1258.8412698412699,1535.25,2008-03-31,1371.8655593958015,1070.3797363031233,160.82258064516122,1.12700454724936,301.4858230926782,1.2816624912332044
1509.28125,1535.25,1527.0483870967741,1116.6451612903227,928.8095238095239,1427.0967741935483,1266.274193548387,1258.8412698412699,2008-06-30,1365.3733718958015,1276.938268049155,82.1844758064517,1.057588579339964,88.43510384664637,1.0692555827164247
1335.65625,1258.8412698412699,1535.25,1527.0483870967741,1116.6451612903227,1509.28125,1427.0967741935483,1266.274193548387,2008-09-30,1384.577116935484,1359.4462045570917,-173.625,0.884961798869495,25.130912378392168,1.0184861396457978
998.6612903225806,1266.274193548387,1258.8412698412699,1535.25,1527.0483870967741,1335.65625,1509.28125,1427.0967741935483,2008-12-31,1317.6738911290322,1396.8534626216078,-336.9949596774194,0.7476933457411521,-79.17957149257563,0.9433157638855175
919.1311475409836,1427.0967741935483,1266.274193548387,1258.8412698412699,1535.25,998.6612903225806,1335.65625,1509.28125,2009-03-31,1190.682484465891,1371.8655593958015,-79.53014278159696,0.920363246726117,-181.1830749299104,0.8679294237769865
428.875,1509.28125,1427.0967741935483,1266.274193548387,1258.8412698412699,919.1311475409836,998.6612903225806,1335.65625,2009-06-30,920.5809219658911,1365.3733718958015,-490.25614754098365,0.46660914620008204,-444.7924499299104,0.6742338329681042
827.7692307692307,1335.65625,1509.28125,1427.0967741935483,1266.274193548387,428.875,919.1311475409836,998.6612903225806,2009-09-30,793.6091671581987,1384.577116935484,398.8942307692307,1.9300943882698471,-590.9679497772852,0.573178017642464
692.6774193548387,998.6612903225806,1335.65625,1509.28125,1427.0967741935483,827.7692307692307,428.875,919.1311475409836,2009-12-31,717.1131994162633,1317.6738911290322,-135.09181141439205,0.8368001534813589,-600.5606917127689,0.5442266134618589
684.2459016393443,919.1311475409836,998.6612903225806,1335.65625,1509.28125,692.6774193548387,827.7692307692307,428.875,2010-03-31,658.3918879408534,1190.682484465891,-8.431517715494351,0.987827641727736,-532.2905965250377,0.5529533662672385
635.28125,428.875,919.1311475409836,998.6612903225806,1335.65625,684.2459016393443,692.6774193548387,827.7692307692307,2010-06-30,709.9934504408534,920.5809219658911,-48.96465163934431,0.9284399781978485,-210.5874715250377,0.7712450187699629
726.71875,827.7692307692307,428.875,919.1311475409836,998.6612903225806,635.28125,684.2459016393443,692.6774193548387,2010-09-30,684.7308302485458,793.6091671581987,91.4375,1.1439323134438486,-108.87833690965294,0.862806099758738
647.7936507936508,692.6774193548387,827.7692307692307,428.875,919.1311475409836,726.71875,635.28125,684.2459016393443,2010-12-31,673.5098881082488,717.1131994162633,-78.92509920634916,0.891395262326245,-43.603311308014554,0.9391960553180334
745.9193548387096,684.2459016393443,692.6774193548387,827.7692307692307,428.875,647.7936507936508,726.71875,635.28125,2011-03-31,688.9282514080901,658.3918879408534,98.1257040450588,1.1514767919148932,30.536363467236697,1.0463802243413727
689.203125,635.28125,684.2459016393443,692.6774193548387,827.7692307692307,745.9193548387096,647.7936507936508,726.71875,2011-06-30,702.4087201580901,709.9934504408534,-56.71622983870964,0.9239646625727075,-7.584730282763303,0.9893171827457651
627.5,726.71875,635.28125,684.2459016393443,692.6774193548387,689.203125,745.9193548387096,647.7936507936508,2011-09-30,677.6040326580901,684.7308302485458,-61.703125,0.9104717858033508,-7.126797590455681,0.9895918260495605
757.1803278688525,647.7936507936508,726.71875,635.28125,684.2459016393443,627.5,689.203125,745.9193548387096,2011-12-31,704.9507019268906,673.5098881082488,129.6803278688525,1.2066618770818367,31.4408138186418,1.0466820374485557
756.0483870967741,745.9193548387096,647.7936507936508,726.71875,635.28125,757.1803278688525,627.5,689.203125,2012-03-31,707.4829599914067,688.9282514080901,-1.1319407720783374,0.9985050578700793,18.554708583316597,1.0269327154829155
663.90625,689.203125,745.9193548387096,647.7936507936508,726.71875,756.0483870967741,757.1803278688525,627.5,2012-06-30,701.1587412414067,702.4087201580901,-92.14213709677415,0.8781266666666667,-1.2499789166834034,0.9982204393527431
580.1111111111111,627.5,689.203125,745.9193548387096,647.7936507936508,663.90625,756.0483870967741,757.1803278688525,2012-09-30,689.3115190191844,677.6040326580901,-83.79513888888891,0.8737846813629351,11.707486361094311,1.0172777696070794
550.983870967742,757.1803278688525,627.5,689.203125,745.9193548387096,580.1111111111111,663.90625,756.0483870967741,2012-12-31,637.7624047939069,704.9507019268906,-29.127240143369136,0.9497902391705952,-67.18829713298373,0.9046907862502537
719.6065573770492,756.0483870967741,757.1803278688525,627.5,689.203125,550.983870967742,580.1111111111111,663.90625,2013-03-31,628.6519473639755,707.4829599914067,168.62268640930722,1.3060392423341545,-78.83101262743116,0.8885753903834113
454.734375,663.90625,756.0483870967741,757.1803278688525,627.5,719.6065573770492,550.983870967742,580.1111111111111,2013-06-30,576.3589786139755,701.1587412414067,-264.87218237704917,0.6319208327638054,-124.79976262743116,0.8220092608323298
449.75,580.1111111111111,663.90625,756.0483870967741,757.1803278688525,454.734375,719.6065573770492,550.983870967742,2013-09-30,543.7687008361978,689.3115190191844,-4.984375,0.9890389306944302,-145.5428181829866,0.7888577019718483
549.8548387096774,550.983870967742,580.1111111111111,663.90625,756.0483870967741,449.75,454.734375,719.6065573770492,2013-12-31,543.4864427716817,637.7624047939069,100.10483870967744,1.2225788520504224,-94.27596202222514,0.8521769842286478
497.4918032786885,719.6065573770492,550.983870967742,580.1111111111111,663.90625,549.8548387096774,449.75,454.734375,2014-03-31,487.9577542470915,628.6519473639755,-52.36303543098893,0.9047693468445832,-140.69419311688404,0.7761969978668892
410.765625,454.734375,719.6065573770492,550.983870967742,580.1111111111111,497.4918032786885,549.8548387096774,449.75,2014-06-30,476.9655667470915,576.3589786139755,-86.72617827868851,0.8256731513823442,-99.39341186688404,0.8275494690723745
488.703125,449.75,454.734375,719.6065573770492,550.983870967742,410.765625,497.4918032786885,549.8548387096774,2014-09-30,486.70384799709154,543.7687008361978,77.9375,1.1897371524211648,-57.064852839106265,0.8950567534480139
380.88709677419354,549.8548387096774,449.75,454.734375,719.6065573770492,488.703125,410.765625,497.4918032786885,2014-12-31,444.46191251322057,543.4864427716817,-107.81602822580646,0.779383386947226,-99.02453025846114,0.8177976073267732
351.91803278688525,497.4918032786885,549.8548387096774,449.75,454.734375,380.88709677419354,488.703125,410.765625,2015-03-31,408.0684698902697,487.9577542470915,-28.96906398730829,0.9239431731012867,-79.8892843568218,0.8362782768354828
301.0,410.765625,497.4918032786885,549.8548387096774,449.75,351.91803278688525,380.88709677419354,488.703125,2015-06-30,380.62706364026974,476.9655667470915,-50.91803278688525,0.8553128057017748,-96.33850310682175,0.7980179077415357
347.40625,488.703125,410.765625,497.4918032786885,549.8548387096774,301.0,351.91803278688525,380.88709677419354,2015-09-30,345.30284489026974,486.70384799709154,46.40625,1.1541735880398671,-141.4010031068218,0.7094721899390719
453.0967741935484,380.88709677419354,488.703125,410.765625,497.4918032786885,347.40625,301.0,351.91803278688525,2015-12-31,363.3552642451084,444.46191251322057,105.69052419354841,1.3042274691187865,-81.10664826811217,0.8175172135459422
721.3548387096774,351.91803278688525,380.88709677419354,488.703125,410.765625,453.0967741935484,347.40625,301.0,2016-03-31,455.71446572580646,408.0684698902697,268.258064516129,1.592054677488253,47.64599583553678,1.1167598071185183
380.59375,301.0,351.91803278688525,380.88709677419354,488.703125,721.3548387096774,453.0967741935484,347.40625,2016-06-30,475.61290322580646,380.62706364026974,-340.76108870967744,0.5276096167605759,94.98583958553672,1.2495509349154104
360.84375,347.40625,301.0,351.91803278688525,380.88709677419354,380.59375,721.3548387096774,453.0967741935484,2016-09-30,478.97227822580646,345.30284489026974,-19.75,0.9481073979801298,133.66943333553672,1.3871078252425466
255.2295081967213,453.0967741935484,347.40625,301.0,351.91803278688525,360.84375,380.59375,721.3548387096774,2016-12-31,429.5054617265997,363.3552642451084,-105.6142418032787,0.7073130910448672,66.15019748149132,1.1820537748886677
201.67741935483872,721.3548387096774,453.0967741935484,347.40625,301.0,255.2295081967213,360.84375,380.59375,2017-03-31,299.58610688788997,455.71446572580646,-53.55208884188258,0.7901806526202815,-156.1283588379165,0.6573987209529233
128.46875,380.59375,721.3548387096774,453.0967741935484,347.40625,201.67741935483872,255.2295081967213,360.84375,2017-06-30,236.55485688789,475.61290322580646,-73.20866935483872,0.6370011596289187,-239.05804633791647,0.49736845927323586
115.71428571428571,360.84375,380.59375,721.3548387096774,453.0967741935484,128.46875,201.67741935483872,255.2295081967213,2017-09-30,175.27249081646144,478.97227822580646,-12.754464285714292,0.9007193244605066,-303.69978740934505,0.3659345201891435
