0_mths_prior,3_mths_prior,Date,qoq_diff,qoq_ratio
13655.0,10890.0,1991-12-31,2765.0,1.2539026629935721
11754.0,13655.0,1992-03-31,-1901.0,0.8607835957524717
11582.0,11754.0,1992-06-30,-172.0,0.9853666836821507
10283.0,11582.0,1992-09-30,-1299.0,0.8878432049732343
11437.0,10283.0,1992-12-31,1154.0,1.112224059126714
16428.0,11437.0,1993-03-31,4991.0,1.4363906618868585
13040.0,16428.0,1993-06-30,-3388.0,0.7937667397126856
14169.0,13040.0,1993-09-30,1129.0,1.086579754601227
12712.0,14169.0,1993-12-31,-1457.0,0.8971698779024632
9908.0,12712.0,1994-03-31,-2804.0,0.7794210195091252
10880.0,9908.0,1994-06-30,972.0,1.0981025433992733
8736.0,10880.0,1994-09-30,-2144.0,0.8029411764705883
10277.0,8736.0,1994-12-31,1541.0,1.17639652014652
13366.0,10277.0,1995-03-31,3089.0,1.30057409749927
14775.0,13366.0,1995-06-30,1409.0,1.1054167290139159
15105.0,14775.0,1995-09-30,330.0,1.0223350253807106
16929.0,15105.0,1995-12-31,1824.0,1.120754716981132
15854.0,16929.0,1996-03-31,-1075.0,0.9364994979030067
13515.0,15854.0,1996-06-30,-2339.0,0.8524662545729784
14494.0,13515.0,1996-09-30,979.0,1.0724380318165
17716.0,14494.0,1996-12-31,3222.0,1.2222988822961225
14277.0,17716.0,1997-03-31,-3439.0,0.8058816888688192
15422.0,14277.0,1997-06-30,1145.0,1.0801989213420187
14905.0,15422.0,1997-09-30,-517.0,0.9664764621968617
15740.0,14905.0,1997-12-31,835.0,1.0560214693056023
15493.0,15740.0,1998-03-31,-247.0,0.9843074968233799
16020.0,15493.0,1998-06-30,527.0,1.0340153617762862
12530.0,16020.0,1998-09-30,-3490.0,0.782147315855181
16449.0,12530.0,1998-12-31,3919.0,1.3127693535514764
19149.0,16449.0,1999-03-31,2700.0,1.1641437169432791
21040.0,19149.0,1999-06-30,1891.0,1.0987518930492455
15755.0,21040.0,1999-09-30,-5285.0,0.7488117870722434
24533.0,15755.0,1999-12-31,8778.0,1.5571564582672168
24980.0,24533.0,2000-03-31,447.0,1.0182203562548404
28757.0,24980.0,2000-06-30,3777.0,1.151200960768615
31905.0,28757.0,2000-09-30,3148.0,1.1094689988524533
31296.0,31905.0,2000-12-31,-609.0,0.9809120827456511
28849.0,31296.0,2001-03-31,-2447.0,0.9218110940695297
28731.0,28849.0,2001-06-30,-118.0,0.9959097369059586
30138.0,28731.0,2001-09-30,1407.0,1.0489714942048658
42015.0,30138.0,2001-12-31,11877.0,1.3940871988851284
29120.0,42015.0,2002-03-31,-12895.0,0.6930858026895157
26127.0,29120.0,2002-06-30,-2993.0,0.8972184065934066
22941.0,26127.0,2002-09-30,-3186.0,0.8780571822252842
32668.0,22941.0,2002-12-31,9727.0,1.4240006974412625
20235.0,32668.0,2003-03-31,-12433.0,0.619413493326803
43461.0,20235.0,2003-06-30,23226.0,2.147813194959229
32601.0,43461.0,2003-09-30,-10860.0,0.7501207979567889
38237.0,32601.0,2003-12-31,5636.0,1.1728781325726205
42082.0,38237.0,2004-03-31,3845.0,1.1005570520699846
30064.0,42082.0,2004-06-30,-12018.0,0.7144147141295566
32971.0,30064.0,2004-09-30,2907.0,1.0966937200638638
37597.0,32971.0,2004-12-31,4626.0,1.1403051166176337
33637.0,37597.0,2005-03-31,-3960.0,0.8946724472697289
16970.0,33637.0,2005-06-30,-16667.0,0.5045039688438326
-18605.0,16970.0,2005-09-30,-35575.0,-1.0963464938126104
-53786.0,-18605.0,2005-12-31,-35181.0,2.8909432948132223
35563.0,-53786.0,2006-03-31,89349.0,-0.66119436284535
32331.0,35563.0,2006-06-30,-3232.0,0.9091190282034699
42964.0,32331.0,2006-09-30,10633.0,1.328879403668306
67404.0,42964.0,2006-12-31,24440.0,1.568848338143562
41770.0,67404.0,2007-03-31,-25634.0,0.6196961604652543
41728.0,41770.0,2007-06-30,-42.0,0.9989944936557338
59548.0,41728.0,2007-09-30,17820.0,1.4270513803680982
69909.0,59548.0,2007-12-31,10361.0,1.1739940888023108
47873.0,69909.0,2008-03-31,-22036.0,0.6847902272954841
58711.0,47873.0,2008-06-30,10838.0,1.2263906586175923
67050.0,58711.0,2008-09-30,8339.0,1.1420347124048305
52550.0,67050.0,2008-12-31,-14500.0,0.7837434750186428
61061.0,52550.0,2009-03-31,8511.0,1.1619600380589914
57973.0,61061.0,2009-06-30,-3088.0,0.9494276215587691
57089.0,57973.0,2009-09-30,-884.0,0.9847515222603626
62930.0,57089.0,2009-12-31,5841.0,1.1023139308798542
73688.0,62930.0,2010-03-31,10758.0,1.1709518512633084
65674.0,73688.0,2010-06-30,-8014.0,0.8912441645858213
67841.0,65674.0,2010-09-30,2167.0,1.0329963151323203
66562.0,67841.0,2010-12-31,-1279.0,0.9811470939402426
66001.0,66562.0,2011-03-31,-561.0,0.9915717676752501
65872.0,66001.0,2011-06-30,-129.0,0.9980454841593309
68295.0,65872.0,2011-09-30,2423.0,1.0367834588292446
66828.0,68295.0,2011-12-31,-1467.0,0.9785196573687679
62568.0,66828.0,2012-03-31,-4260.0,0.9362542646794757
52108.0,62568.0,2012-06-30,-10460.0,0.8328218897839151
57094.0,52108.0,2012-09-30,4986.0,1.0956858831657328
59268.0,57094.0,2012-12-31,2174.0,1.0380775563106457
64174.0,59268.0,2013-03-31,4906.0,1.082776540460282
59517.0,64174.0,2013-06-30,-4657.0,0.9274316701467884
84314.0,59517.0,2013-09-30,24797.0,1.4166372633029218
65403.0,84314.0,2013-12-31,-18911.0,0.7757074744407809
67678.0,65403.0,2014-03-31,2275.0,1.0347843371099186
68323.0,67678.0,2014-06-30,645.0,1.009530423475871
68101.0,68323.0,2014-09-30,-222.0,0.9967507281588923
66318.0,68101.0,2014-12-31,-1783.0,0.9738182992907594
64482.0,66318.0,2015-03-31,-1836.0,0.9723152085406677
57006.0,64482.0,2015-06-30,-7476.0,0.8840606680934214
56454.0,57006.0,2015-09-30,-552.0,0.9903168087569729
65728.0,56454.0,2015-12-31,9274.0,1.1642753392142275
54533.0,65728.0,2016-03-31,-11195.0,0.8296768500486855
56541.0,54533.0,2016-06-30,2008.0,1.0368217409641869
53853.0,56541.0,2016-09-30,-2688.0,0.9524592773385685
70196.0,53853.0,2016-12-31,16343.0,1.303474272556775
64174.0,70196.0,2017-03-31,-6022.0,0.9142116359906547
69365.0,64174.0,2017-06-30,5191.0,1.0808894567893539
67921.0,69365.0,2017-09-30,-1444.0,0.9791825848770994
