0_mths_prior,3_mths_prior,Date,qoq_diff,qoq_ratio
54621.0,43558.0,1991-12-31,11063.0,1.2539831948206988
47017.0,54621.0,1992-03-31,-7604.0,0.8607861445231687
46327.0,47017.0,1992-06-30,-690.0,0.9853244571112576
41133.0,46327.0,1992-09-30,-5194.0,0.8878839553608047
45748.0,41133.0,1992-12-31,4615.0,1.1121970194247928
65713.0,45748.0,1993-03-31,19965.0,1.436412520765935
52159.0,65713.0,1993-06-30,-13554.0,0.7937394427282273
56677.0,52159.0,1993-09-30,4518.0,1.0866197588143944
50847.0,56677.0,1993-12-31,-5830.0,0.897136404537996
39633.0,50847.0,1994-03-31,-11214.0,0.779456015104136
43519.0,39633.0,1994-06-30,3886.0,1.0980496051270405
34944.0,43519.0,1994-09-30,-8575.0,0.8029596268296606
41106.0,34944.0,1994-12-31,6162.0,1.1763392857142858
53463.0,41106.0,1995-03-31,12357.0,1.3006130491898993
59101.0,53463.0,1995-06-30,5638.0,1.1054561098329685
60421.0,59101.0,1995-09-30,1320.0,1.022334647467894
67714.0,60421.0,1995-12-31,7293.0,1.1207030668145181
63416.0,67714.0,1996-03-31,-4298.0,0.9365271583424403
54061.0,63416.0,1996-06-30,-9355.0,0.85248202346411
57975.0,54061.0,1996-09-30,3914.0,1.072399696638982
70862.0,57975.0,1996-12-31,12887.0,1.2222854678740838
57108.0,70862.0,1997-03-31,-13754.0,0.805904433970252
61688.0,57108.0,1997-06-30,4580.0,1.0801989213420187
59621.0,61688.0,1997-09-30,-2067.0,0.9664926728050837
62961.0,59621.0,1997-12-31,3340.0,1.0560205296791398
61971.0,62961.0,1998-03-31,-990.0,0.9842759803687997
64078.0,61971.0,1998-06-30,2107.0,1.03399977408788
50119.0,64078.0,1998-09-30,-13959.0,0.782156122226037
65797.0,50119.0,1998-12-31,15678.0,1.3128154991121133
76596.0,65797.0,1999-03-31,10799.0,1.1641260239828564
84160.0,76596.0,1999-06-30,7564.0,1.0987518930492455
63020.0,84160.0,1999-09-30,-21140.0,0.7488117870722434
98132.0,63020.0,1999-12-31,35112.0,1.5571564582672168
99921.0,98132.0,2000-03-31,1789.0,1.0182305466106876
115028.0,99921.0,2000-06-30,15107.0,1.1511894396573292
127621.0,115028.0,2000-09-30,12593.0,1.1094776923879404
125185.0,127621.0,2000-12-31,-2436.0,0.9809122323128638
115396.0,125185.0,2001-03-31,-9789.0,0.9218037304788912
114923.0,115396.0,2001-06-30,-473.0,0.9959010710943187
120553.0,114923.0,2001-09-30,5630.0,1.0489893232860263
168058.0,120553.0,2001-12-31,47505.0,1.3940590445696084
116481.0,168058.0,2002-03-31,-51577.0,0.6931000011900653
104507.0,116481.0,2002-06-30,-11974.0,0.897202118800491
91765.0,104507.0,2002-09-30,-12742.0,0.8780751528605739
130672.0,91765.0,2002-12-31,38907.0,1.423985179534681
80938.0,130672.0,2003-03-31,-49734.0,0.6193981878290682
173845.0,80938.0,2003-06-30,92907.0,2.1478786231436406
130402.0,173845.0,2003-09-30,-43443.0,0.7501049785728666
152948.0,130402.0,2003-12-31,22546.0,1.1728961212251345
168329.0,152948.0,2004-03-31,15381.0,1.10056359023982
120257.0,168329.0,2004-06-30,-48072.0,0.7144164107194839
131885.0,120257.0,2004-09-30,11628.0,1.0966929160048895
150387.0,131885.0,2004-12-31,18502.0,1.1402888880464042
134549.0,150387.0,2005-03-31,-15838.0,0.894685045914873
67880.0,134549.0,2005-06-30,-66669.0,0.5045002192509792
-74420.0,67880.0,2005-09-30,-142300.0,-1.0963464938126104
-215144.0,-74420.0,2005-12-31,-140724.0,2.8909432948132223
142250.0,-215144.0,2006-03-31,357394.0,-0.6611850667459934
129324.0,142250.0,2006-06-30,-12926.0,0.9091318101933216
171856.0,129324.0,2006-09-30,42532.0,1.328879403668306
269617.0,171856.0,2006-12-31,97761.0,1.568854156968625
167079.0,269617.0,2007-03-31,-102538.0,0.619690153068983
166910.0,167079.0,2007-06-30,-169.0,0.9989885024449512
238190.0,166910.0,2007-09-30,71280.0,1.4270564975136302
279635.0,238190.0,2007-12-31,41445.0,1.1739997481002562
191492.0,279635.0,2008-03-31,-88143.0,0.6847926761671465
234844.0,191492.0,2008-06-30,43352.0,1.2263906586175923
268200.0,234844.0,2008-09-30,33356.0,1.1420347124048305
210201.0,268200.0,2008-12-31,-57999.0,0.7837472035794183
244245.0,210201.0,2009-03-31,34044.0,1.1619592675581942
231892.0,244245.0,2009-06-30,-12353.0,0.9494237343650842
228354.0,231892.0,2009-09-30,-3538.0,0.9847428975557587
251720.0,228354.0,2009-12-31,23366.0,1.1023235853105267
294750.0,251720.0,2010-03-31,43030.0,1.1709439059272206
262695.0,294750.0,2010-06-30,-32055.0,0.8912468193384224
271364.0,262695.0,2010-09-30,8669.0,1.0330002474352387
266247.0,271364.0,2010-12-31,-5117.0,0.9811434088530535
264004.0,266247.0,2011-03-31,-2243.0,0.9915754919304255
263487.0,264004.0,2011-06-30,-517.0,0.9980416963379343
273179.0,263487.0,2011-09-30,9692.0,1.0367835984318012
267311.0,273179.0,2011-12-31,-5868.0,0.9785195787377508
250273.0,267311.0,2012-03-31,-17038.0,0.9362615081309785
208431.0,250273.0,2012-06-30,-41842.0,0.8328145664933893
228376.0,208431.0,2012-09-30,19945.0,1.095691139993571
237071.0,228376.0,2012-12-31,8695.0,1.0380731775668197
256696.0,237071.0,2013-03-31,19625.0,1.0827811077694025
238067.0,256696.0,2013-06-30,-18629.0,0.9274277744881104
337254.0,238067.0,2013-09-30,99187.0,1.4166348128888087
261613.0,337254.0,2013-12-31,-75641.0,0.7757150397030131
270712.0,261613.0,2014-03-31,9099.0,1.03478038170886
273291.0,270712.0,2014-06-30,2579.0,1.0095267295132835
272402.0,273291.0,2014-09-30,-889.0,0.9967470571661708
265272.0,272402.0,2014-12-31,-7130.0,0.9738254491523557
257928.0,265272.0,2015-03-31,-7344.0,0.9723152085406677
228023.0,257928.0,2015-06-30,-29905.0,0.8840567910424615
225816.0,228023.0,2015-09-30,-2207.0,0.9903211518136328
262911.0,225816.0,2015-12-31,37095.0,1.1642709108300564
218131.0,262911.0,2016-03-31,-44780.0,0.8296762022129162
226162.0,218131.0,2016-06-30,8031.0,1.0368173253687005
215411.0,226162.0,2016-09-30,-10751.0,0.9524632785348556
280785.0,215411.0,2016-12-31,65374.0,1.3034849659488141
256696.0,280785.0,2017-03-31,-24089.0,0.9142083800772833
277458.0,256696.0,2017-06-30,20762.0,1.080881665471998
271683.0,277458.0,2017-09-30,-5775.0,0.97918603896806
