0_mths_prior,3_mths_prior,Date,qoq_diff,qoq_ratio
5890.0,13751.0,1991-12-31,-7861.0,0.4283324849101883
19617.0,5890.0,1992-03-31,13727.0,3.330560271646859
16279.0,19617.0,1992-06-30,-3338.0,0.829841464036295
13582.0,16279.0,1992-09-30,-2697.0,0.8343264328275692
13958.0,13582.0,1992-12-31,376.0,1.0276836990134002
12908.0,13958.0,1993-03-31,-1050.0,0.9247743229689067
19605.0,12908.0,1993-06-30,6697.0,1.5188255345522157
20988.0,19605.0,1993-09-30,1383.0,1.0705432287681713
25787.0,20988.0,1993-12-31,4799.0,1.228654469220507
34667.0,25787.0,1994-03-31,8880.0,1.3443595610191181
37001.0,34667.0,1994-06-30,2334.0,1.0673262757088875
42184.0,37001.0,1994-09-30,5183.0,1.1400772952082376
43989.0,42184.0,1994-12-31,1805.0,1.0427887350654277
35434.0,43989.0,1995-03-31,-8555.0,0.8055195617086089
37196.0,35434.0,1995-06-30,1762.0,1.0497262516227353
40887.0,37196.0,1995-09-30,3691.0,1.0992311001182924
39432.0,40887.0,1995-12-31,-1455.0,0.9644141169564898
48517.0,39432.0,1996-03-31,9085.0,1.2303966321769122
49713.0,48517.0,1996-06-30,1196.0,1.0246511532040317
47965.0,49713.0,1996-09-30,-1748.0,0.9648381711021262
47006.0,47965.0,1996-12-31,-959.0,0.9800062545606171
52805.0,47006.0,1997-03-31,5799.0,1.1233672297153554
53293.0,52805.0,1997-06-30,488.0,1.0092415490957296
59396.0,53293.0,1997-09-30,6103.0,1.1145178541271836
55565.0,59396.0,1997-12-31,-3831.0,0.9355007071183244
33914.0,55565.0,1998-03-31,-21651.0,0.6103482407990641
36100.0,33914.0,1998-06-30,2186.0,1.064457156336616
46429.0,36100.0,1998-09-30,10329.0,1.2861218836565096
40633.0,46429.0,1998-12-31,-5796.0,0.8751642292532684
37558.0,40633.0,1999-03-31,-3075.0,0.9243225949351512
37479.0,37558.0,1999-06-30,-79.0,0.9978965866127056
40738.0,37479.0,1999-09-30,3259.0,1.0869553616692014
27634.0,40738.0,1999-12-31,-13104.0,0.6783347243360008
9927.0,27634.0,2000-03-31,-17707.0,0.35923138163132373
7269.0,9927.0,2000-06-30,-2658.0,0.7322453913569054
5917.0,7269.0,2000-09-30,-1352.0,0.8140046773971661
2801.0,5917.0,2000-12-31,-3116.0,0.47338178130809533
-20987.0,2801.0,2001-03-31,-23788.0,-7.492681185290968
11637.0,-20987.0,2001-06-30,32624.0,-0.5544861104493257
13370.0,11637.0,2001-09-30,1733.0,1.148921543353098
-6535.0,13370.0,2001-12-31,-19905.0,-0.4887808526551982
27071.0,-6535.0,2002-03-31,33606.0,-4.142463657230298
23023.0,27071.0,2002-06-30,-4048.0,0.8504672897196262
27170.0,23023.0,2002-09-30,4147.0,1.1801242236024845
20760.0,27170.0,2002-12-31,-6410.0,0.764078027235922
49524.0,20760.0,2003-03-31,28764.0,2.3855491329479768
17269.0,49524.0,2003-06-30,-32255.0,0.34869962038607544
37646.0,17269.0,2003-09-30,20377.0,2.1799756789623026
27860.0,37646.0,2003-12-31,-9786.0,0.740052063964299
37230.0,27860.0,2004-03-31,9370.0,1.33632447954056
54640.0,37230.0,2004-06-30,17410.0,1.4676336287939833
56825.0,54640.0,2004-09-30,2185.0,1.039989019033675
16298.0,56825.0,2004-12-31,-40527.0,0.2868103827540695
57676.0,16298.0,2005-03-31,41378.0,3.5388391213645845
102959.0,57676.0,2005-06-30,45283.0,1.7851272626395729
162134.0,102959.0,2005-09-30,59175.0,1.5747433444380774
235150.0,162134.0,2005-12-31,73016.0,1.4503435429953002
67654.0,235150.0,2006-03-31,-167496.0,0.2877057197533489
65002.0,67654.0,2006-06-30,-2652.0,0.9608005439441866
56674.0,65002.0,2006-09-30,-8328.0,0.8718808652041475
7636.0,56674.0,2006-12-31,-49038.0,0.13473550481702368
20690.0,7636.0,2007-03-31,13054.0,2.7095337873232057
36232.0,20690.0,2007-06-30,15542.0,1.7511841469308844
2359.0,36232.0,2007-09-30,-33873.0,0.0651081916537867
7587.0,2359.0,2007-12-31,5228.0,3.216193302246715
694.0,7587.0,2008-03-31,-6893.0,0.09147225517332279
-7257.0,694.0,2008-06-30,-7951.0,-10.456772334293948
16653.0,-7257.0,2008-09-30,23910.0,-2.294749896651509
20655.0,16653.0,2008-12-31,4002.0,1.240317059989191
-468.0,20655.0,2009-03-31,-21123.0,-0.022657952069716776
11407.0,-468.0,2009-06-30,11875.0,-24.373931623931625
41377.0,11407.0,2009-09-30,29970.0,3.6273340931007274
52674.0,41377.0,2009-12-31,11297.0,1.2730260772893154
57449.0,52674.0,2010-03-31,4775.0,1.0906519345407601
74263.0,57449.0,2010-06-30,16814.0,1.2926769830632387
84550.0,74263.0,2010-09-30,10287.0,1.1385212016751276
75875.0,84550.0,2010-12-31,-8675.0,0.897397989355411
51131.0,75875.0,2011-03-31,-24744.0,0.6738846787479407
76060.0,51131.0,2011-06-30,24929.0,1.487551583188281
77146.0,76060.0,2011-09-30,1086.0,1.0142782014199316
83588.0,77146.0,2011-12-31,6442.0,1.0835040053923728
85299.0,83588.0,2012-03-31,1711.0,1.0204694453749341
101028.0,85299.0,2012-06-30,15729.0,1.1843984102978933
81531.0,101028.0,2012-09-30,-19497.0,0.8070138971374272
44460.0,81531.0,2012-12-31,-37071.0,0.545314052323656
90794.0,44460.0,2013-03-31,46334.0,2.0421502474134052
95466.0,90794.0,2013-06-30,4672.0,1.0514571447452474
45967.0,95466.0,2013-09-30,-49499.0,0.4815012674669516
93122.0,45967.0,2013-12-31,47155.0,2.0258446276676745
47650.0,93122.0,2014-03-31,-45472.0,0.5116943364618457
69999.0,47650.0,2014-06-30,22349.0,1.4690241343126968
100113.0,69999.0,2014-09-30,30114.0,1.430206145802083
95135.0,100113.0,2014-12-31,-4978.0,0.9502761879076643
69078.0,95135.0,2015-03-31,-26057.0,0.7261050086718873
71464.0,69078.0,2015-06-30,2386.0,1.0345406641767279
80168.0,71464.0,2015-09-30,8704.0,1.1217955893876637
60238.0,80168.0,2015-12-31,-19930.0,0.7513970661610617
71099.0,60238.0,2016-03-31,10861.0,1.180301470832365
38118.0,71099.0,2016-06-30,-32981.0,0.5361256839055402
48656.0,38118.0,2016-09-30,10538.0,1.27645731675324
26052.0,48656.0,2016-12-31,-22604.0,0.5354324235448865
36653.0,26052.0,2017-03-31,10601.0,1.406916935360049
37338.0,36653.0,2017-06-30,685.0,1.0186887840013097
48509.0,37338.0,2017-09-30,11171.0,1.2991858160587069
